CDS Code *
30664806027767
30665226028211
43693696046114
10622650105692
15635946102792
33751926116446
19645686013742
43694196046940
49709126052153
30665976029219
30666706030308
33670586031926
34674396099808
36676866035646
30665066028005
36677360116723
19647330100743
43694500129247
01612596002273
30667460119925
24657716025597
19647586020077
37680076037758
21653346068308
42691206045959
07616550110528
42767866045819
39686766042501
37683386039101
30665976029227
30666706030209
33672156032528
19647256015119
10621666006068
43696416048193
43693690108167
43693690135749
36675876035174
36675870138529
37682966110878
19647586020085
12630406008221
30665306028831
50712826108302
30665226028229
33671736032387
24656316025316
16638836010292
10621660108118
19644516012744
07618046005060
48705736051288
38684786040695
33751920105742
37684526107031
15634046009344
05615806088975
19643036011605
37683386120935
49709126108500
34674476034896
50711676107023
23655816116149
19647336015705
19649076021786
37683386039119
33672156032536
19647336015713
12630320111203
30736506100838
39686760111369
43733876047583
49705996051577
19647336015721
19648166110571
15635606009674
12755156007751
36676866101034
19642796011217
50710766111892
42692606045736
36676786098354
24657716107908
54719025430335
01751016002315
42691466045298
37754160122796
33669776031496
24657716105647
41690136044648
37680236037832
19643296011787
01612596001630
54717956053839
19647336015739
19649076021794
43696666048425
43695186047377
36677100100347
07617620129064
15634046115471
15637506111686
19642126010862
54718036053847
34673220127860
20652436107122
34673226033120
43693690125526
43694500121483
19646426014591
19647330122184
10622656006738
28662666026769
36675956035216
19647336015747
36675956035224
45699716050215
33752006107841
29663736105811
31667870126664
19753416022008
43697086049290
54718116053854
19648816021505
31667796031017
01612006117543
39767600129312
25735856025845
19647256109292
01612426001572
38684786040703
20651776023865
42691206045967
41688906043616
10619946005730
19646671996420
10623800136499
19647336015754
01611196100374
33670586118863
15637500111245
10767786005748
44697996049639
19647336015762
15633626009922
30666216097364
19647336015770
19651020110098
19647336015796
43696256048086
48705326051049
30667466030795
19734376023741
45699146050132
45699146050124
23655406025084
19647330122218
10624306007231
33670586031934
30666706030217
19647336015804
37683386039135
44697996117253
19647336015812
36676786098362
33669930116947
34673146032981
48705406051064
19648406020838
01611686090492
19647336015820
19647336015838
43696666048433
48705816051379
56724626055016
31750856110647
31668036112072
52714726053466
19646426014609
26736686025910
33752000108530
31668036109862
19648570112714
39685440105718
21653346024319
43733876047591
43694846116461
37679916037568
19650606022982
19647336015846
49709616093140
50712170110080
51714646053342
43693696046247
19647336015853
58727366056634
30665636028930
06616146003511
12626796007678
34672806032890
01611766104723
43695186047385
42691206045975
23655576025092
29663730136424
43696826049068
38684786040737
33669776031512
34673140105908
19650606022990
19647336015861
34674476034367
19643296011795
33671246032288
19647336015879
16638756010276
19649076068787
34673140108720
30664496027445
36678766036768
41690210133645
19649076021802
36678196036123
30736436030548
56726036055636
27660350136796
01612006071906
36678436108179
37680236116859
30664646110852
19650296022768
56739406109847
56724626055024
34673146109516
30664566027486
42692296045561
34739736032908
40754576043145
19648406021091
41690216044721
19647336015887
37680566115620
56737596055859
41689990134197
50711670137265
56726036084917
19647336015895
24656310101402
31667876112700
41690396044812
43696176048037
39686766042519
39685936110555
01612346001440
19753336020325
19647330109348
49708966117907
33752420109124
19647336015903
33752006106868
16739326010565
37735516109201
37679916069082
37681976038400
10621666101091
07617546003958
10621666006076
48705406109136
19643786012041
43693856046411
21654586024756
19648166020697
37683386039150
36738586035273
37683386039168
19645686013619
19647336100069
43696256095400
19647336015929
36676376112866
19642616011134
36739576106710
36750696037204
42691046045256
24656496025381
13631230118455
07617546003966
37681976038418
19648086020507
19647336015945
04613826002919
39684866041750
36675956114649
56737596055867
30736436030688
31669100125740
34673146113179
56768286055545
13630736008262
27659616025985
19649076021927
37683386039184
37683046110720
37681896120901
19644366012439
19648576111538
43695836118376
31668030111104
43696416115562
51714646053359
30664236027288
36678766036776
19647256015135
19647336015952
19647336015960
34674136033641
30664646111793
42691206107007
33670826110415
01613096002505
19646836110563
37683386039200
44698156049860
41688586043392
07617966004600
40688096096325
41690396044838
01612756002281
19647336015978
57727106056444
36676456104525
15633136110464
02613330137125
33671246107890
15633396009211
15633396009229
37684526040588
39685856108856
36677100113944
30665066028013
19647336015994
07617546003974
21654256024616
28662666026777
34674216033724
19648086020515
29663320125955
33671166119721
07618040132902
01612596001655
19648086020523
33671736032429
45698726050074
41690136044614
41689996044309
55723066054829
54755236054233
49706156051585
24656316025324
24656310126771
19647330106914
15633476009245
07616486003578
19647336016018
36678766036784
36678506036602
13631646008551
19644366012447
43693696046122
37683386040299
52715226053474
43695916047955
30736436030555
42691126045264
33672156109011
19645686013676
33670580107961
33670336116404
41689166043723
19646346014435
20652436105951
41690396044846
15633626119994
36678196036131
43696256072177
50710766107932
37680980107870
24753176112940
52714726066328
04733796002927
43693776111348
19647336016026
19753416022024
56726036055651
08618206005375
39767600114645
19647336016638
19646346014559
48705816051387
19643116011746
52716216053623
36676376105936
10620266005763
12626956007686
14632486008692
47701856050652
56726036055669
18640896010698
04614086002943
15633626113401
19646916014856
36678760116160
49708966085229
10739656005789
57726786056246
37683386039242
19647336019491
19753416022032
19647256015143
37683386039259
10621666006092
43696906049142
14766876008726
14766870110031
14766870118299
40688096043277
19645506105886
35674546035000
19647256015150
19734456014120
45698806050082
45698806113260
43693936046510
15633546009252
56768286055552
13630996106975
56726526056055
34673306033146
19734526022222
23656236108369
43695266047518
37679916112148
43694196067185
12627036007694
09618386107361
31669100102806
19647336016034
36678760127357
19647256015200
37684526040596
21733616051627
47701936050660
21653006024137
07618046100952
27661910122911
36678196036149
30736506097042
50736016025712
42691206045272
19647336016042
44697326049563
45701106050462
37768516037543
37768510110122
43696666048474
37683386039267
27661420132407
27661420108068
37679836037550
45699716111470
44698076049837
37679676109086
33672310127761
43696746048797
34674396033799
01611926000889
33671246108716
36678506036610
43696746048805
19647336016059
31669106031280
36678766036792
44697996049662
27659796026017
19647906020424
19642126071369
19647336016067
43696746048813
40687596043012
42691956067110
30664496101901
19647336016075
31750856111975
37684526110399
41689996044333
36679186113757
07616556003644
16638916010334
19643376011910
34674396033807
50711676052633
41690396112650
43696746048821
51714646053367
19647336016091
26736686025936
19649986120257
16639740128702
43694506047229
12627296007710
57726946120745
01611766000558
56724476054969
19757136011001
41688746043491
41690216044739
51713576053235
19647336016109
19647336016117
19647336016125
39685936108237
19647336016133
49709386052211
49709126052104
44754326049936
01612596001663
37681630139402
30666476029995
30665226028252
19647336016141
49753586107221
21750026024681
23656236025290
56738746055677
33669930102749
43693776095335
01611766089320
51713656053243
48705736109672
28662666026785
58727366099014
42691206046064
38684786040778
30665226028260
33672156032544
19647256015168
30666476109102
36678436111132
19647336016158
30736506102719
33671736111025
19647336016166
09618386005466
09618380137919
10621170113563
19647336016174
30664566027551
30664726027668
54720580111740
07618126005169
15633626009260
19648576108609
37735516037774
42692296045579
54718296053862
27662256115182
19647096014948
19642126010953
19647336016182
19647256015184
01611926000905
37683386039283
50711676052641
19647256015192
01612596001689
41690706045041
41688826043525
45699896050272
45699896119382
53716626053680
10620426005797
10621666006118
19734376012231
54718370110452
54718376053870
54718376100267
19647336016208
07617136003727
19647336016216
47736846050843
51714646067268
33671246103501
36676786108666
47702016050678
15633706009278
40688096043202
43694196046718
30665226028278
32669696110308
43695006093058
34673146033039
43696746048847
33669856031603
33671730118943
19647336016224
01611766000566
37683386039291
36750696037212
41689326043939
37680490132506
19648576105613
37683386039309
43694356047120
19647336016232
33671736032395
37683616040349
44697996049670
19647336016257
37735516120711
35674706104509
34674396033815
50755566052971
37684526040604
30666216029748
30665976029268
19650946023410
19734456014138
09618380111724
49707220139048
37684036120893
39686270127191
49707970107284
16638750112698
51714150129007
41689160112284
36679596037402
28662416026744
33671166110365
23656156025183
10621666006126
37680230127431
56725536055396
07617546003982
30666216029755
48705656103154
34674476068670
19647336016273
34674396033823
09618386096614
19650946023428
36676116035299
34674476034383
09618466005482
19642616011159
19647330122564
07617476003909
09618460123125
33670906106835
37682136038681
58727286056600
56739406106439
24657486025506
42691466045306
19647336016281
43696666048490
19647336016299
19647336016307
19647336016315
10752346005805
19647336016323
36677106110670
07616716003677
28662660109140
30666216114565
19650456022677
37682966106520
30736506115455
30664640100735
11625546007439
19647336016331
50710766093504
40688250108522
43693936046536
37680806066989
27659876026025
43694506047211
36678766036800
37680076037766
01612596001697
30664566027494
34673306106892
30664646098495
30666706030225
54721996112510
36677026112114
31669516085252
43697086049316
37683616040356
37683616068159
37683876112353
37680566110696
36750446108120
27659876026041
19650376022800
07616480106583
34674476034391
36675956035232
15633216008858
34674396033831
43694350102616
19644516012751
34674476034433
37737916116206
33670580108464
40687006042907
34673140111112
50710436052427
37683386039341
19647336016364
19647336016372
10755986005813
19642126010904
38684786093496
37683386039358
19647256015242
19649646022495
19734376023758
36677026107569
37681976038434
15633216008866
36678506036628
37680236115646
19643456012033
19647336016380
12630406008197
30664646089452
19647336016398
37680236037824
45699226050165
19734606023352
54767946108286
33672156032569
43693936046544
01611506090351
27738256026397
50710436052435
33671736032403
50711676052674
31669106116099
19647336016406
33670820102772
40687266042998
19647336120794
15634046009351
36677026117519
43694356067193
58727366056659
19649986022651
19643786012066
04615316113526
10621176113575
15637506108781
10621666006142
48705656051254
19645356013429
10624146007108
19646346014450
19642876011381
16638836010300
39754996042832
41688666043434
37683956040471
37682216038731
33669856031611
36676456035489
37680986038178
37683386039366
51714646053375
41690216044747
04615076003230
43696740133363
10622406114805
30664726027676
10621176117550
19647336016414
19644856012975
35674706107338
30666966030456
19645686013627
19642126068274
19648406020853
27660356111637
20652430110957
13630990113985
19647330109439
33736766108906
41689996044366
43693696046239
57726786056295
49709120128074
10623646007058
15633216111900
07617966114094
27659616113542
19648086020531
56725386055321
24658216120448
01611506090369
01612596001648
43694356110159
19651516106561
36679180106641
19647336016422
19646836014799
19643946012157
19648576106900
36676780110726
37682966097216
30664646118947
33671246106967
04614246002968
19647336016430
36679590117416
30666216107767
56724626055032
19642876011373
34673146033005
30664566027510
15633626095012
19647330111989
19642796011233
19649986106876
36678686036735
34674476034839
19648166020705
19647336018360
30666476030001
19647330106948
24657716025605
24657556025530
36678500116483
19647336016448
09618380107227
37679916037592
19647336016455
50710506052484
38684786041149
37683386114300
19647250107458
36678010131888
19647336016471
37683380108282
43696906049167
01611926000913
19645016013130
43693776089288
32669696031413
33671166108229
43694196046742
37683386039374
37683616040364
29663160125013
29663166027080
38684786113252
55723636054852
37683386039382
37735696108211
43694196046932
56725386107551
15633626110001
19651106023626
50710766098180
19647336016679
43696256048102
27659956026082
37680236107775
37680236115778
30736356109540
35674626035018
19647336016489
19647336016497
19648576113906
49706496051635
49706490125724
16639746118590
41688666043442
30666136029540
04614246002976
36750696037220
36677106115984
56726526116040
19647336016505
39685856104426
33670330100974
30664806027791
30664646111819
42692296045587
38684786040828
09618380136200
10621096005839
37683386039390
33672490102723
29663246027098
37680236109771
33671990133579
19645016013148
48705406051098
38684786040836
42767866045827
39686766042535
19647256015259
01612596001739
19642796011241
41690056044424
19647336016513
30665226028294
19647336016521
37682136085054
33671246107080
50755646052880
19650526022925
10621170101949
10621176116313
43693696046130
43693696046148
39685856042204
20764146023915
12626796120562
38684786040968
17640556105456
58727440114652
31750856109870
19647336016539
53716706053706
19648166020713
19647336016547
42691616045348
19647336016554
33752006117659
10621176005847
36678766036834
21654586024764
50712906071583
19647336016562
31667956031066
19647336016570
43694500127225
42691796045355
15633216008882
41690396044952
30665976029300
30736506089437
30666136029557
39685026041784
19734606023360
33669776031520
07617966004659
15633216008890
01613096002521
39686506109284
52714986114466
45699486050181
15634796112783
33752420106096
19645016013155
19644776106421
55723486054860
10621666006159
36675870107433
45699480101113
54718526053896
19645686013635
19647336016604
30665066028021
19646420136127
36677360136069
19647336094726
01612590115204
23655816025142
19647336016612
30664646027585
04614576003131
19643946012165
36677776109615
56737596055933
36738906035331
15638006010110
41690050127282
50711670138057
37680986038186
54722566054530
37680236037881
36676866110142
19752916022420
48705736110241
10621176113583
05615726003388
48705400113092
30736356068639
34673306033153
34673306033179
34673306033187
58727366056667
58727286115935
01611276090146
19648656021307
19647336016620
49709956114409
36678196036172
33670336120364
07617966004667
37680316038053
33670336031751
19645016013163
41689816044275
19649070111054
01613096002539
41689996044325
34673146033013
34674476034441
29663736101018
09618380139006
33751766120455
45699550121640
54722560110940
19651026109664
33670826032080
36750446105498
07618046005086
43695756047740
36676786111710
30664986094635
58727366056733
43695186047401
19647336016646
30664986066922
53765136053714
34674476034466
36676456106603
07618046117485
31668036119887
17640556110761
36678436036479
01611436090195
19643036011654
36678436036487
36677856105449
31668520120105
37679676118723
37682966117469
07618040119032
27659616115232
33671246106942
39685856104038
31669516098610
31668030129080
30666216029763
48705406051106
19647336016653
54721400136507
10625470136523
24656496025399
19647176014997
37679916037600
36676116035307
31669106031231
36676866035604
40687006042915
42692296045595
56726036055685
54722566054688
19647336016661
01612596001754
41689086043707
34674396034243
16638750101717
50712900113795
50757396053151
54722566054548
33751920108480
37683386039432
36676946035752
36676456035497
12627376007728
19645766013866
30736506089429
43696906049175
15638266108898
50757396053169
37683386039440
56725386055263
55723556054894
43733876047609
54718606053904
12627456007736
42750106045389
45701106050470
36678766036842
36677106068761
19644366012470
54722316105381
56737596093165
30736500129155
34739736032924
19734606095467
19648406020895
34674136033716
43694196046775
30665066085286
34765056033351
19647336016687
37683386096879
20651776023923
19646426106272
48705816051411
48705406109128
40687596043129
23655656025100
30664726027684
50712900108761
33752006118558
19651106023634
41689166043772
19647336016695
19648656116172
19647336016703
43697086049332
36677106114052
43695266047526
19648570126268
10621666117477
34674396033880
34673146033021
36677026116263
36678766036859
43696256048094
39685856042055
36677020102947
01613096002547
19647336016711
19642876011407
33672496106884
13631236008411
44698156049886
30736356085336
19650786023345
19647336016729
10621660113811
19649076101133
36675956101786
37682966109300
29663406097315
30736506096184
37680496038095
19647336016737
30736356071153
34674476034482
30736356101059
10621666006183
40688096043210
44697656114102
37680566038111
37680566088983
21654256024632
36678196036214
30664646094619
34765056032932
34674476034490
36679186037329
27660506106777
01613096002554
07617706004444
10624146007116
27660926026181
15637506110431
37735696088991
43696256072151
36678766036867
37682960116475
19651026023568
19734456014153
15634046009369
01612426118525
19647336016745
33671736106207
47702276050694
39686270132050
39686276119309
39686270136135
34674130114660
39686270129890
39686270136028
07617540106088
07617626119226
30667466030738
50712666113823
50710686052500
50710680132662
19647336016752
50757396115208
39685026041792
54722560139105
37682136038699
13631236008429
36750776037337
19648576105621
19646420120956
19646676014674
19648570105981
19645506013510
37683386039481
15634206009419
07616486117501
31669103130234
30666706030233
19649076021828
02613336002794
18641966010813
19734376012256
36676786098347
37680490136614
37681630137109
37683386112726
57727106056469
19646670124099
07616636101943
37680236111322
37737916114169
15634796109987
36679186117766
20652436023949
58727366056675
13631310135657
19647330122135
39686766118871
19647090100610
15633620136713
19647336016786
19647336016794
30664646117634
19642956011530
50710436052443
24657716115729
36676456099204
36675876115117
33751766111090
43693696046155
07617476003917
28662666026827
01751016001366
24657716025613
31669446031298
13630996008346
19647250114603
19647336016802
19648570124156
56725536055404
24753176025431
53716966053722
15633620119099
43694356107593
07617966004691
46701776050611
15633216114284
12629506008056
37683386099055
30665896029110
15633210129171
19648320100644
15633216109078
36678760127324
19647330122143
30665896029177
36679180138875
19647330128710
56725386055271
10621176005854
34765056033484
01750936001374
54718946054019
19645500138172
49709536052252
49706720122440
49706726051700
36679596037410
10622656006753
36678506036636
19645686013643
47702436050710
19645016013171
19645276013312
04614326003115
43696416048292
43694196046809
30665226028310
33670330105791
19647336016828
34674476034524
37735696069108
33752006107858
36676786035513
01612346001457
01611766000590
36678766109714
56724626055040
56726526056063
36676786106629
33670416031900
12630086008114
36675876109409
19647336016836
19648406020952
34674476034672
34674396033906
30665226028328
33751760113100
54719020101303
54719026054027
54719026054035
01611926000921
07100740107342
36677026112130
01612590115600
19644856012991
30665976068399
10621666006191
37680236108492
19647336016844
30736506100317
19644770122929
19644776012967
33670330110643
30736500135137
19648406020903
30667466030761
10621666068704
27738256026405
01611926090583
43696256048128
33671246032304
58727360119362
30664236027429
37683386039499
36678196036222
01611196090013
19650606023063
19649806022545
19647256015275
15634386009435
10621666111249
43695916047963
34673140101790
26736686025928
07616556003651
21653916024418
36678506111728
34674396033914
07617966057210
30665226028336
48705736051296
09619526005649
36676780100578
37679910108563
37680806117709
42691956045405
36678196036230
15633130113027
24753666025407
43696416048235
30665636028948
19647336016851
19646676014682
39686766042543
38684786040950
27661426026520
41688906043624
19644446012678
36675870125880
07617546004048
30665556028906
24656806025456
19647666020127
19644446012686
43694846047294
19643116011753
19647336016877
15751686009468
37682216038749
49709536052260
50711676052658
54722566054563
34674396033930
36678196036248
01611926000947
37683380129395
50711676052625
24656986025464
43694846047302
34673146112106
36678506107155
50712906111017
11626536007546
34673146033047
15634466009450
27738256026413
57726946056352
52715146053508
58727366056683
34673146101844
07617966004733
39685850108209
19642126010987
34673146120034
43696906049191
42691956045421
56725386055289
24656316025332
56726526056089
39686766042550
48705816071302
33751766032031
34673226033138
19642876011415
19647336016901
19645506013593
19734376012272
01611436090211
33672156032577
01612596001812
37683386039507
19757136011019
56725386110738
01612006001259
19649316022164
04614246111116
36678766068191
13631496008510
37683956040489
19650526022933
50710766052518
43696666048516
34673306118574
36677360128439
37684526108708
37683386039515
33671996120547
41689656044135
51713996053268
19649316022172
19647336016935
01612590102988
15634796112791
19646670106070
36679180108449
30665226028500
50711676052666
19644770129197
19646911996438
10624306007256
37683386089015
10621666006217
39685856042071
36678506111736
30665226028344
19642876011431
43696666119010
19643036011621
19647336016943
19648406020929
43696416048250
19647336016950
57726866056311
19651020101543
19647336110969
01612596002190
30666216029771
30665896029136
19643036011639
19647330122119
33672490102715
33672310114066
30665226028369
30665306028849
34674396033948
30665226028377
34674396033955
36677020102939
36677020117382
36677026035778
47764556050728
36750446035968
37681890129288
19647336016968
37683386039523
36678196036255
48705736051320
31667876031033
33671160110601
19650606023022
50711676110068
30665976029326
19647336016976
19644856013007
19734606023378
57726940120220
15633216008874
52715226053516
47705086067136
49738826097059
43694356047138
10621666006225
36677360139576
30665226028385
31668296116230
07616636003669
10621666109961
19646916014914
19647336016984
07617546004055
50755646052898
34765056032940
19647336016992
36678766036883
15634610107987
57726786056253
40687596043079
30666216029789
01751016002323
42691206046007
20651936023931
43696416048268
48705736051338
30666476071146
07617966004758
10624146007124
15635036009559
01611926000962
48705406051163
50711676052682
11754816007470
43696906049217
36677020135293
45699896050280
45699896119390
37681146096911
37681146038285
15737426009633
42691120111773
43693856046445
10621176108088
41688906043632
24658620114074
19647336017008
39685026041800
37680980102608
19644446012694
37683386039762
30665226028393
37680236037956
48705816051445
38684780111427
37680986038202
33671816032460
19647096014955
19647330131466
30665066028039
19650606023071
41689166043780
19647336017024
12753746007843
31669106109482
31669100127639
19648816021570
37683386039556
12627946007850
41690396044887
19647336017032
19647336017040
19647336017057
19647336017065
10621666006233
19647336017073
39686766042576
30667466030753
37680236037964
19647336017099
31669516117493
19647336089700
19647336017115
37683386039564
30666216029797
37681976038442
18642046010847
37680806099402
19647336017123
37683386039572
19647336018527
34673146098743
34673146033054
52715306053524
49709536052278
36675956098503
38684786041347
34673306109755
33670336107668
33669776031538
42691956045447
43696826049084
27660926026199
07617886098578
10752750124586
37684520105882
34765056112064
30736356112577
19647336017131
07617966004766
27661346026470
43693936046577
01611766111330
31668376031116
49706800112987
49706806051718
10621666101109
47702926050744
47764556050751
49706986051726
10621176005862
12768026007868
19647336017149
19647336017156
31669510108514
41690396044895
37683386039598
19642876011423
19734376012280
19648406020937
34673146107700
54722560105783
19647336017164
41688666043459
50755490101030
48705656111652
30739246029045
19647330111971
19643036011647
54722316054472
43695916047971
27754400106336
01611196090021
27659616101802
24658706025829
30664806027833
15633216008924
23656156025191
30664236027262
19647336017172
41689166043798
41688826043541
42767866045835
01612596001820
43694506047195
51713816053250
50711676052690
30666706095152
31668456031124
34673146033062
36678436036503
37683386039606
24657716025621
19648816021588
19649806022552
15633216008932
01611196090039
15751686009476
01611766106983
19643296011803
56724626055057
57726780111401
34765056033500
01750936001390
33671160100503
50712906120430
10621176120091
54753250106021
44697996049696
15637506117717
57727106056477
37683386039614
33672156032585
30666706030266
07616486003594
15633216008940
15634046009377
10621586006027
19757136011027
19647256015309
19648086020556
27659616025993
10621666006258
39685936042311
45699976050322
33751920101097
12628286116289
12628286007884
20651856113922
36677776106827
19647336017180
16639900116699
34765056033492
43696256048110
01612596001838
33670826109805
15634796104004
30667466030787
12626790109975
37679916037642
19647336017198
30664986027916
19646670133462
19642126010979
01612590115576
43694506047203
27754406105472
43695910132373
37683386039648
36679180108431
19644516012801
19647256015317
54722316054480
43694196046841
19647336017206
56726036055693
30665226028401
37682966038970
34765056032957
41689166043806
19647336017214
19648406020945
43695186047427
43696666048532
19647336017222
19647256015325
19757136011035
19648086020564
12628366007892
10621176110258
01612916002372
01612596001846
41690056044473
38684786041040
37683386039655
30666706108484
07616556070981
33670336031785
19647336017230
19645506013601
19647336017248
15737426110712
30664236027361
19644516012736
44698156049894
19647336017255
27661916102925
47703186050769
07617626096234
15634876009534
30665226028419
31669106111967
30664726027692
36678760127340
27660926026207
43695756047799
31669106031223
19647330111955
50712826098297
41690396044903
39754990108357
54753256054076
43696746048870
39685936107429
37683956098487
31669106106108
43694356085690
36675870107425
39686760100206
30666706110175
33670336031793
39685856042097
39686766104665
41689166043822
10624306007272
20652436023964
19643376012025
16639176108815
30664646108740
39685936120505
09737836005490
40754576043137
36678506108864
43695186047435
36676866035612
36676786106611
33670586109789
52715486053532
10621176106660
49707066051734
10621666006266
57727106056485
19645016013197
19644776108294
30665226028435
30664986027973
19643296011811
39754996108997
01611926000988
19647336017289
19647336017297
33670906032163
56768286055578
48705816107684
30664726027700
19643786012090
38684786041073
43694846047310
37680986038939
30736356089502
19647336017305
30666476030027
36676786035554
01611766000624
19645686013692
31669446113062
30666476085641
01612596001853
39685776041966
34674216112296
19647336017313
21654586024780
56737596055941
07617706004451
30664230131417
37683956067029
09618796005508
34673306115638
09618876005516
30666476030035
34674396097083
30665066028054
15638266105415
04615230110510
15635786090591
54722566106249
19648576118749
19649076021836
56724705630363
54718606112684
31668520138008
07618046108161
30666136071104
39685936042329
10739990123596
19642126085617
33671996032502
30664566027536
19645846013940
54722566054597
23656150101147
19643296011829
48705816099667
13631076008403
56768286055586
36677856102909
36678760127332
19647336017321
19647336017339
19757136011043
19644856013015
06616146003537
34674476034573
45752676050579
36676866035620
19647336017347
19753336020358
54755316053961
33670906110548
15635030116715
07616486115380
07617966004774
01613096002604
12755156007777
19649806022560
19647336017354
19647256015341
49708546051940
43696666048540
45700036050330
19647336017362
36677026119622
37684526040620
29663326111140
01612596001879
38684786041115
50710840120089
50710846052534
49707146119655
49707146051742
49707140126888
27660276026108
50712176052922
43696666093082
19734456014203
50712660124768
39685936115414
10622656088959
37681556117303
22655320132258
44697656049597
37683386039697
41689736044200
34674476034581
12628516007918
36679186110522
09619786098693
07618046005094
07618046096036
31668296031108
01612590115618
30736506089445
32669696031421
30666706099816
19648086020580
34674476034599
19651020125690
07617546112395
47703266050777
48705326120240
19647336017388
19647336017396
15635780135186
29664156089403
19644366012512
40687596043038
40687596043046
39686766042600
38684786041123
43697086049357
49707226051767
49707220138248
30736436030605
30664236027320
19647336017404
36675870125898
43695756047807
24736196025720
01612426115554
44697996049704
01612346001473
34752830116806
31668456117824
36678760128926
34674396033997
15636770113837
19647336017412
37683386109599
34765056033385
37680236037865
44697996049712
19647336017420
19648816021612
16639170110981
33670820107359
11765626007447
37683386039705
10621666120125
43696666048565
37683386096051
19647336017453
30666216029805
16639176118459
10739650130690
07617966112015
37684520100933
33671160119206
39767600137075
30666966030464
37683046039028
47703346050785
45700110112656
07617136003743
45700116050348
44697576049571
45700116097703
33670330105809
19647336017461
37681630128421
30665976029334
37680236037873
30666136029581
07617966114086
01611926000996
07617966004782
15633216008965
13631236008437
19647336017479
37683386039713
40687596043053
34765056033393
49707306051775
19647330106955
24753660105817
33670820101139
30664646097398
50711676105670
56725386055297
39686766042618
33672156032601
19649076021851
19647336017487
34674476034516
33670586106082
19648736021489
19647336017495
38684786040760
19647256015358
50710926112965
50710926052542
19647330109314
15634040106575
10739650113993
33671160134080
31668520121608
33672316109581
01611766000640
19647336017503
01612756002299
19647336017511
19642126010920
19643116011761
40688096043236
33672156032619
36678196036263
37683386039721
43696256099451
53750286053730
05615806003396
34765056033419
19647336017537
39686766042626
49753906051791
37683386039739
49707970139568
41690216044754
10621666006274
13631316008502
37680230101592
07617886004527
30665976029359
34673140108738
30736436030613
33751926116438
19647740107912
36678506105704
49709126066385
04615236003289
36677366035935
19647336017545
10752346006647
33670820135251
36677106111173
48705736051346
33669856031629
36676116035349
33671246108724
30664236027387
19642796011274
15633216008973
36678506036644
10621256110209
27661426026538
41690056044499
24657556025548
01751016114318
09619296005615
24657716112288
43696416048201
33670586031967
24657716025647
04615496121016
37680236118970
54722316114656
30736430133488
30665226028443
39685856097760
36677026119630
31668036108963
33671160125906
43696256068167
34673146077291
30665066028062
36675956104475
19646006095434
19646006014047
10739656006654
30666700116582
19647336017552
01613096002612
50711006052559
37683386089023
19650606023105
30736430102889
07618040102566
30664646111801
33671246108732
36676786112833
49709126095459
07617546004097
21750020124578
37683380131565
37764710123059
37683386117683
37764710138776
37764710127605
33672156032627
33672156032635
33670336031801
48705816051478
07617966004741
27660926026223
19646346014476
15637926010078
54722566054613
36678430107888
19642616011167
36678766037063
37682966110886
41690396044911
37681976038459
19649986068860
07617886004535
07617546004105
37683616085161
19647336017586
19645506013551
38684786041156
01612596001911
49707146051759
19647336017081
34765056033518
36678766036909
19647336017594
01613096002620
20756060136846
41690700131730
37680236037899
01612426001606
19644856013023
19651026110837
41689656044150
53738336053755
19647336017602
33669856031637
30666966030472
10621666006282
19734526022271
42691956045462
56726036055701
19642616011175
43694356047146
36750446108112
56724626055065
34674396034003
19647336017610
19647256015374
37683386039747
10621666006290
04615236089080
33671246105514
12753826107874
04614246003008
12629016007967
19647336017628
41688820133157
30666706030274
01612596057046
41690056044507
39686766042634
19647336017636
37735516106512
42692116045538
54719446054092
19647330109421
30666136029607
43693696046189
01612596001929
43696666048599
15633216008981
19645686013767
19643116011779
49707636051809
15635030110767
15739080133504
47703596050801
15633216008999
37683386039754
54719516054100
10739656006662
54722566054621
36676786107288
36678196036271
01612596001713
20652436023972
37680230124321
36678766037030
19650376022818
37683956094973
19650606023303
34674476034623
28662586026751
19647336017644
34674396034011
19646346098768
56724626055073
38684786040984
19646266014427
50755496052575
19642616011183
19647336017651
39686270126755
36678766036917
50736010101188
19647336017669
19647330111997
30665306116065
50736010124073
19734526022289
54722566110902
10621256005961
12628856007942
37683380108290
19646340120303
19647336117048
19647330117937
43696176048045
33670826032114
45700296050355
19646670125559
13631640138917
30666216096333
19644516012819
30665636028955
13631230122663
33670906032171
50712660120063
36677360130948
15637506113484
19647336114722
01611506090393
09619296106678
09618956005524
33670906105837
45700376050389
07618126005177
11626536007553
10624306007280
19648570133173
33671996105571
37684030125401
39686270133116
37682210101360
21733616024947
15737426009609
03739816002810
27660926026249
04615070121509
37682216038764
34673146120018
07617620110684
15636856009880
36679186037352
10621666116651
30665306089072
34673146106355
34674396034029
04615070110072
42691956045470
10622400114587
16639336010466
34674136033666
19647336017685
54722566054639
37735696109995
27660926026256
54753256054084
19642956011563
30739246030514
01611766000665
01750930131615
19643296011837
13630736008288
49710356096721
27754400111088
30739246029052
07616486110514
49708700101253
19646676108419
12629016007983
01612006001283
10624146007132
09619786005706
03739816002828
19648816021620
33672156032650
10621666006308
52716216053631
47705086050975
33670826118731
12628936007959
19647330122168
37679916110787
15638420138701
01612346001481
34673146033088
30664566027569
21654586058622
01750936118038
37683046105555
37681146038277
33670586113880
19649986107924
43694356117956
10624306007298
10739650106476
01611766000673
20652436023980
33670586108955
34674396096150
50711676052773
49709126052161
33670586109045
30665226028484
20652436023998
34674476034458
10621170106419
55723636054902
37681556038319
19646910112144
18641056010730
19647746020234
36675956094940
37681630138628
37681630138156
48705736109094
30736436085369
43694506109433
39685446041875
30664236027437
16639176010391
15638006010128
19647096014963
19648816021638
19753416022099
19734376012298
10624146007140
10622656006787
10621176005870
13630996008361
15633216009013
01611436090252
30666706030282
33670336031827
33672156032668
35674886035059
38684786041230
37683386039770
37735516037782
01612916002398
49706566051643
54755316053979
54719936054142
19648736117444
10621666006316
19734526022297
05615646108518
19647256108013
01611506113005
37683386099071
19648166020739
19647176015036
27659616026009
30667466030829
54718376120232
42691200131623
37679676037535
01612596001945
19643376011969
07617476003925
08618206005391
48705246106462
42692606045777
24657710112615
19651026071690
50710430109074
37682216038756
33670336031736
20652436024004
19650606022974
19646670119313
19647336018196
49708056111066
07618046005102
34674396034045
01611766000541
10623646007041
39686760111351
19645686013684
16638916010342
24657716025654
34674396034052
34674396034060
19648406020994
27659616109466
34673146110118
33670586031975
30666706107692
41689166043848
01612346001507
33672156120075
54755310102707
16639176112379
41690056044531
19648406021000
50711676052708
01611766000723
01611766066468
01750930114579
30665306028864
19648406021018
54755236054241
43694356095988
20652430113050
33736766032833
36677026118467
15638426110340
30664646111827
30665226028518
19645686013775
39686760111310
07617396003826
19645686013817
19649806022578
24657716025662
50711676052724
43694196046908
41690136044671
39685856111983
01611436105316
30666706098552
30665226028526
30666476097018
30665306028872
34673146107916
10624146007157
43733876047625
33670336084669
10739656112775
07617396003834
19647330109355
37679916037675
37683386039788
58727366056709
48705816051395
18641136010748
37737910116467
30665896029144
37683380132316
42691386045280
37683386039796
30666216029821
19647666020150
43695910138750
30666706106165
19648086020549
19650606023006
01611766000681
43693696068910
48705816110134
16639176118798
30665306028880
34673146116818
43733876047633
39685936118509
50712826053060
01611766090526
36750446035943
39685936112197
19646676014690
19648576106793
36677776035984
37683380114041
19768696023824
19768696023808
56725380119412
43696416048326
56726526056097
36678760110783
19642126071351
30664236027254
37683386039804
37680236069090
36678430110569
19648406021026
39685856120059
37681633731239
37681636038327
37681636105845
19647330122192
50757396053177
56724626055081
30664806027841
30665896029151
33671736102560
53717386053771
45700456050397
47703676050819
31669100116624
45701106050488
37680986038228
36750446035950
36677106035794
18641626010789
41690706068282
56726526056105
36676866108831
48705406051197
01612596001895
56725386055339
15638426010243
49708886052013
19651106023659
56726036055719
33671736032437
43694356047153
43696746048896
36677100113423
49706156051593
36678506036651
37680236037923
42691956045488
19649076021869
19734376012306
37735516099352
17640146010607
19646346014492
36678766036933
19642876011449
19642126010938
54719930123653
39686766042667
13630996099485
13631236008445
07617966004808
19647336017701
19647336017719
49707896051825
19646426014583
10739996006688
40754574030243
42692036045520
15739086009765
15635456009641
19647336017727
19647256015408
16739326010573
38684786041008
50711346052591
49709126116958
19734526022305
30665976029375
37682216038772
07616486003602
36678766067078
36678436036511
37683386114292
30665300134221
38684786041602
51714646053391
39686766042568
10621666088546
19647256015416
31669446031306
41688906043657
54719696054126
16639416010474
16639580136556
36678436067060
36678196036297
19647330109405
19649076021877
36750446100937
30664646117733
38771310137307
41690050132068
43693690106633
43694500129205
43693690129924
41689990135608
10621666006324
52715556053540
16639586010482
19647336017735
47703756050827
12629196008015
50711426052609
07617056003719
37737916107148
56726036055727
39686766098677
34765056033526
10621666006332
37683386112460
19734456014237
58727366056774
43694196046759
37680986107882
19644446012702
19646596014633
42692296045611
19644856013031
37680806106132
37737916105993
19645686013734
41689576044093
01612596096523
19645766013882
27754736066955
33669776031546
41689406044077
37683386039846
33671240108134
27661916026652
50711676052740
30736356097372
19648086020598
37681976038475
27660926026280
37683796089007
37681146038269
42691956045496
19648406021034
37681976038509
19648166020721
19650526022941
50710430110734
19647336017750
49708476051916
19643296011845
30666216029862
20652436024012
15634040112185
35674706035026
30736436118764
30665636028963
30664640100909
30665066028070
37683386039853
38684786041305
07617136003750
12755156007793
19647256015424
21653426024327
30664646120281
30665066028088
56725126055164
27660766026140
21653596024335
43694506047260
36678686036727
34673480107946
19647176015044
22655326103477
11625966007454
07617966004824
37684526107585
09619786109441
30736356110845
33669770113605
19646426105969
19650376022826
33672150100545
11625960139550
30666136029615
19647176015051
17640306010631
38684786041321
43694926047351
16639666010508
37681896038343
37681896038350
19647176015069
37681896107742
37681896038368
19647176015077
09619780108258
30666470109678
42692606045751
39685856042139
43696906049233
50711676097752
39767606041883
15635606009682
30666216029854
19647336017768
19646676108526
33671736107601
36677776109623
44697990102673
10621666006357
43693776046361
19647336017776
40687590110486
19647336017784
36678766036941
43694846047328
30664646114516
15737426009625
07617396003842
30665636028971
41689576044127
37682216038780
30664646027601
50712176052948
33736760100248
56725536055438
30665636028989
33752420109116
19647336017792
52715636053557
45699716050223
52714720134403
39685936042337
10622816006902
19647336017800
09619116005581
38684786040877
37680236037907
48705406111405
21654586024814
19647336017818
19644856013049
07617626110803
01612596001994
37735696038848
41689656044168
41690396044945
30664496027452
19734376012322
27661426109177
15633626105423
43694356071534
43696746048904
36750440118059
10621666102016
01612000135376
39685856042147
38684786041339
23739166025308
24657226025498
41690396044804
19642126085609
19647336017826
37680230138073
43693690107748
34674396034037
43696256116081
43693696046197
16639176010409
26736686025951
19644856089148
23752186025118
19645016013205
36678196036305
19647336017834
19647336017842
37681976038517
37681896110092
56725386100333
16639746069140
16639740100156
19647336019483
36676116035372
15633626107627
30665226028542
15633216009047
19647336110266
01612006110332
19650456022883
19651026023576
19734606108336
37680230119594
42692296045645
24657716105852
43695756047831
39685856042154
36676786101513
19644516012785
53717466053789
43695266047534
37679916037683
19649076021885
37735696038855
19647336017859
37680230105957
10621176109920
49707976051833
36679186105860
33672156032684
36676780100594
42691200102863
10739996119978
54719856054134
16639746111934
49707970123422
43697086049373
19646670123174
19647336017867
38684786102479
40688256043319
19647336017875
36750446106454
19647336017883
30664236027221
37682216038798
31669510113068
01612346001523
10622406006704
10624146007165
10621176100408
36678190137760
07617966004832
19646676108401
19647256015440
16639176010417
19649076021893
19650606023147
19647746020242
27661426026546
19753416022107
20652436112312
37680986038236
36678766036958
41688826043566
39685936042345
39685696041917
01612596002018
48705816051494
54719936107262
51714646053409
54768366054043
54722316054498
54755316053987
56726526056113
10621666006365
10622656006803
13631236008452
33670336031835
21653756024392
51714646053417
58727366056717
19646676014708
37683386039879
43693696046213
30736356030159
30666476095160
30666216071112
19647746020259
37683386039887
39685776041974
37681896038376
15635866009724
30665226028575
19644446012660
54722566092795
41688746043509
33752000114058
04614246109722
33670826032122
47703836050835
49708546119036
44697656049605
39685856042170
37681146109524
36677106035810
07618040113589
19643456107353
30664236027353
39685856042188
19647336017891
19647336017909
36677106106470
10752756112544
14632896008775
39685850100560
12629276008023
37681976098446
37683386039903
43695006047369
58727366056725
37680236037949
21654176024509
27661426026553
19650376022834
19647336017925
30736436030639
56726526056121
07616556117410
30736356094668
41689736044226
36679186109219
10624146007173
07616480100461
58727516056832
19650526022958
19648816021679
19651106023667
19734376012348
19647256015457
15633216009062
33672156032692
38684786041362
19642616011191
01611926001044
31668450117150
31668456031132
19649070111047
30665896029128
19647336066278
24657550102624
19647336017941
01613096002653
19647336017958
19648406020911
01611926001051
19647336017966
30739246029060
43696666093074
37680236070825
19650376022842
19734456014260
19648576119143
36676946035760
19647336111512
43694506047237
24657556025555
19647256015465
41690706045082
30664726066823
07617886004543
19734456014278
52715716053565
42692456045710
27661426026561
43695836095392
37682966070841
07617476003933
40688096043244
54755236107379
41689990126649
15635946060420
19651106023675
39754996110530
43694196046957
30665226028583
39754996106488
33670330119321
37735690113514
15633626099436
43695266047542
09619526005656
01611196090047
19647336018485
19647256015473
43696666048649
30666706030316
10621666006373
17640226084990
30665226028609
46701776050629
43695186047450
21654176024517
50710430127613
21653186024160
17640486010656
36750516035976
19646916014898
43696416068241
19647330126391
19647746020267
36678436036537
43694846047286
19648656021240
19646836085658
07617966097141
24657716025670
43695426047575
49709126052112
51713996053284
19651106023683
01751016001416
29663326027122
43693696046221
33670586116636
43693936046601
21654176024525
36678766036974
07617136003768
50710430109082
30664566027577
30666476030936
43733870137505
19647256015481
19647336120810
33751766032056
19647666020176
07617966004840
56726036055743
30664236027338
37679916037691
34765056033542
30666706030324
33672156032700
01612916002414
39686766042683
10624146007181
10739656006910
19647330109413
19648816021687
19649076021901
19753416022115
19647256015499
56737596055875
49708966052021
34673146113187
19647336017990
19642796011290
13631726008585
37679916037709
36750696037246
33672156032718
50755646100390
37735516037790
29663736094981
31668296113971
37681140131920
34674216033732
44698496111421
19647336018006
13630996008387
43693776095343
19647336018014
10621586006043
01611436090286
19649806022602
10621666006381
30665226085294
26736926025969
19647336018022
23655736025134
36677106110688
19647336018030
39685850108217
30664236027312
19647256015507
21750026024277
36678766036826
43694196046965
30666700108373
33752426114458
45701106050512
04614996003198
19648576021158
19644366012546
01612590110247
10621176112742
12629356008031
15636106009732
30665066113617
36750446103337
36677106035828
56737596055909
54722316054506
19734606100309
19647336018048
44697996049738
56725126055172
30664646118954
34674210137950
51714076053292
19650296022776
34673486114185
29663326106157
19642876011464
13631236008460
08618206005417
30664806027858
41689166043855
24657716025688
33671816032478
19757136011050
49738826099246
57726786118905
19647330126417
30664646106801
19647336018055
43695916048003
15636286009740
34674476034706
04614246003032
01611276095376
09619786103527
07617880116863
27660926026314
56725386055347
30665976029391
10621660113829
34673140131516
41690210138685
34674476034714
36678436036545
36678196036347
30664496027460
22655326025035
19646676014716
41689166043897
19645686013726
16638916010367
19646916014906
19647746020275
33672150111252
05615726003461
34674396034136
50711676052765
49708050105890
49708056051841
01612596002059
07616550108019
07616486003610
30664236027346
37680236116396
36678766036982
38684786041412
37683386039952
01611506090401
10621586006050
43693936046619
43733876047641
19757136011068
41690706045090
30666706030332
19734376023782
19647336019061
16639176113609
13631236108823
30666706113377
01612596072235
07617966004915
30666706110183
33670586031983
37683386039960
19647336018071
50712900113803
36676866035653
42692036045512
07616550127464
27660356026116
34674476034508
21653186024194
48705246050991
37681146038301
50712820105700
33752426109565
08618206113013
34673146110985
37681976038525
37684520111237
01612006001317
37683386071914
30664986094627
34673306033203
10623646007033
34674396111389
48705246111165
30665896029169
49753586110993
12753826008049
30665976029409
19647330109397
39686760111328
19648166020747
06616066003503
33752420117424
19647336018089
19647336018097
10621666006407
19647906020457
19734376012355
19647330109363
52714986093546
13631806008593
10751276006969
10621666085120
47704096050850
38684786041016
10622656006795
49708546051957
56768286055602
19647336018105
19647256015515
18641966010821
19734376013478
19752916022453
19649806022594
10739656006944
15633216009070
04755076003156
49708546051965
43694506047245
38684786041420
39686766042691
37683386039978
42767866045884
01612916002422
39754996042857
41688826043574
36678436036552
13631236008478
41690056044556
12629506008064
56725386055354
27661916120224
15636516009773
04614246003024
37680236118988
49708546051973
28662666026850
24657636025589
33670820101121
33752426032866
49709956110324
19647666020192
41690396044960
07617546004154
16639746010532
45699146050140
30736506106850
18641966109748
49706156115695
19753096115679
56105616055974
19753336020390
19648326095442
13631986008619
41689736044234
30667466030811
33736766032254
33672490121319
56725206055198
19642126010912
30736356114888
19647336018113
30666470102897
36675870131441
39754996107973
19647336018121
10751270129163
33671166107197
19647336018139
36678436036560
24657716118889
19650946023485
24657550127597
37679916037717
51714156053300
20651936023881
19650946023493
24656986025472
43696666048656
30665226028641
19644366012553
19644366012561
56724706055123
36750446089643
36675876116370
50755560118810
33672310113746
19648576108625
36750446114680
37680490129221
19647336018147
36676866113633
36676780100586
34765056033427
19647330126441
19647336018154
10621176101984
16639586113120
19647336018162
37682966038996
33671246032312
15636696009781
10621666105746
13630736008270
42692296068902
19649316022180
50712660133660
19647336018170
38684786040919
19651106023691
11754816007488
21653916085187
43693696046254
43694356105787
42691206046031
21653186024202
37683386093256
37680986066997
43696746048920
20652436024020
45700526050405
54722566054647
17640556010672
19650456022891
44697996049746
19648656021273
56725206055206
07617966004857
38684786041438
37683386069116
10621176097026
19648166020754
19647336018188
34674476034730
33670906032189
36750440114090
36678430123851
07616486084941
27660846026157
36678196036354
37735696038871
37680806108534
37684526110407
27661426026579
01611766090534
01611766000749
54722310113639
45699716050231
19650456066807
24656316025340
30665226028658
24656316025357
49708476072136
19647096014971
15636776009799
36679186106587
05615646003404
10621660108100
40688096110621
45701106117931
54718110139477
01612916002430
42767866045892
38684786041446
39686766042709
30666706030357
33672156032726
16639176010425
19647906020465
10623236006993
54720096054167
43695916049480
43696746048938
47704176050876
07618046005128
07617966004865
56726526056147
19647336107403
36676116035380
01612596002083
43694196046981
27659610127456
07617546004162
49708136051866
41690706045108
42692116045546
37684526040638
49738826109169
36678196036362
30666706030365
19648166020762
19650946023501
19645686013783
19646676014724
54755236114193
33752000100412
19650376102966
19647336018212
19648086020614
19648086020622
42692526045728
19648656021299
36678190100115
36678766037014
37682056038624
19757136011076
19650296022784
27661426026587
37682960111187
40687006042949
19645506013585
07618046097158
30736356089494
39686766042717
37680236037915
45737006050413
49708216051874
39685446110373
19649076021919
12630086008122
07617396003875
36678196036370
33671246032320
36678506036669
36675876120604
37682966109318
15634046117915
30665226028666
19647336018220
36677776035992
49708706109144
43693776068928
10621660121533
12629506008072
19647336018881
30666476030050
38684786099154
39685930113357
30664646095087
56726526056154
19645686013809
09619456112569
08618206005425
44697736049613
01612186001358
56739406106447
56726036055750
54722566054654
42691956045504
33672156032734
36677856036057
07617546004170
10621176104624
19643946012181
19647336018238
37679676109953
15635606009690
45699486117857
36679186118350
33736766117774
19649986112528
36677936036065
07617546004188
43696176048060
47704256050884
36678766037022
15633216009088
19647336018246
37683046107999
37680236037980
38684786041255
07616486108989
10621666006415
13632066008627
19644856013072
19647336018253
15633216009096
56725046055156
37680230135277
19647336018261
37681976070833
11626616007603
43694196047039
07617966004873
19644856013080
01750936001424
37681976038533
33752006032346
07618126005185
19649316022198
36678766037048
36678506036677
30736436118772
15633216009104
33669776031553
13630736008296
15635606009708
19646676108393
36678500121160
28662666026876
19647336018279
19647256015549
37679916037725
27661426026595
34673306112916
34752830134049
34752836117535
34673300111278
04614246003040
07618046066591
21653676024376
39685936104533
48705406115752
10621256110225
04615496003354
10621176005888
19734456014302
43694196047005
41688666043475
19647336018295
19647336018303
44698496066542
45701690137117
39685936042360
39686196042428
39686270117796
39686276042436
39686270130864
19645016013221
19647330133702
27661910107391
19648406021083
19650786023337
38684786097919
19646676113294
36738906035406
31668520109827
19647336018311
31668526031157
19648326020796
30665226028674
30664986027999
36676786035570
36678766037055
30665976118236
30665976029433
30665976029441
39684860131789
34674396034169
37735696119713
30665066028104
33751926109417
19642126010946
39685936042378
01611766000756
19647336018337
19647336018345
19647336018352
19647336018378
19647336018386
19647336104814
40687596043061
20652430109702
19642126093454
19647336018394
43693776046379
43697086049407
30666216071120
23656156025217
19647336018402
34765056033435
33670336031843
43695836047914
19648811932409
37683380111864
12768026008130
10739656115521
50710760101493
56725386114029
19647336018410
19647336018428
15636936009914
15636936103493
10621666006423
15633396009237
37680986102750
45699550111393
34739736108948
45700786050421
57726786056261
39754996042865
20756066024079
41689086043673
36678766067086
19649986116495
19645276013353
33671246109110
36676376067052
41690056115026
45699146114144
36677106035836
37735696038889
36678766110480
19734526022321
19643450101600
50712176052955
37681976038541
34674476034755
09737836005623
49708700106344
34765056033443
28662666026892
43693776046387
30736506100861
43694356102081
19647336018436
51714236053318
19647336110274
15634040120139
33671576032353
37683386112478
07617966004881
43694356047161
01611766000764
43693696046270
34674396034177
43695186047468
27660356089387
34673306107965
30736506120141
20651856101521
30664646113344
54718376105506
49708396051882
54722560101857
49708396051890
37681556097182
37680986038244
34739736107734
19648320108027
56738746107528
41689656044176
23656156025225
09618380100024
33671160108639
19643296110035
37683386040026
36677106108062
36676786107270
34674396034185
43696256088306
45700866050439
19646346014534
19648570116558
54720176054175
42691386119804
39686356042444
30666136029656
48705406106405
34765056033559
04615076003255
31668296109029
20651856024087
42691206046049
07617626004428
19643946012199
34674476034771
39685856100341
36677776036008
33736766032361
43693696089270
37680560114686
44697656118673
37683386040034
37680806038152
41689326044044
40687596043087
19644856013098
01611276116222
37683796119341
40687596043095
30665226028682
19648576021141
36678766068209
07617626108765
07617966099717
44697996108138
43696416048243
30664986068605
49708476051924
21653916024442
19648326066773
19644516114235
15633620113951
07617050133769
36677106035844
42692606045702
30664496027478
07617966004899
19647666020200
15636936108575
21654176024558
30666216029870
31668036115596
30664236113393
54755236054258
52714986053490
58727366056741
01611766090542
56724476054977
37680806112445
49708706066344
37682216038806
30736356030175
19647256015432
37680236113021
19647336018444
36677776113070
19647336018477
19647336018493
19647336018519
19647336018535
19647336018543
19647336018550
19647336018568
19647336018576
37683956040521
36676946109185
42691206109268
44698490126920
19753336020408
04615076003263
31668456031165
10623316007009
33670336120372
37680986038947
30664230113712
19651106023717
30665066028112
19650946023519
15634386009443
19644856013106
34765056033575
48705736097950
50712906111009
43696336048185
31669100135178
49709614930319
42692600116434
42692606045785
27660926026355
12629686008080
07617706004477
41690056102941
12629016007975
41689816044283
36678276036453
38684786041271
41689320105874
50711676052781
27659616117691
19647336018592
30664640108704
43697086049415
37680236095038
09737836110498
34674476105928
54720256054183
19647336018618
14632976008791
01611436090302
19647336018626
16639746066666
45699710135830
33672156032742
45700946050447
40688096043269
37683386040042
37680490136416
23655576116669
30665066028120
34674396034193
44697816049621
19753336020416
37735516116578
12629766008098
10623566007025
37683386039861
19647336018642
19647176015085
37682966085088
04615236003297
04615236115034
19647336018634
30664646027627
36678766112767
15638426010250
19646596014658
19734456014336
54718606053938
30664236027379
19648576107635
33736766031702
36677776036016
01611926001093
19648570125377
19648570133611
19648576111546
37682216038814
36677106035851
37735696038897
33671996111843
19647336018659
19642126010961
30666216029888
54720336054191
43696416048359
37737916108872
33751926112809
37680236037972
01611506090419
15633626009948
35675206035109
19647330109389
30666216029896
41688746043517
19649076120653
19646596014666
50712090112383
04615316003313
50712096052914
37683386040059
04615310139329
19642796011316
19647336018667
51714646053425
37680806095046
19757136011084
21653916024459
01611926001101
33672496109490
49709386052229
36679186037360
39686500108035
56726036055768
37682966111314
19647336018675
38684786041206
01612596002091
31750856031207
40688336043335
39685856100366
07618126005193
01611766000798
33670336031850
38684786041503
36678766037071
07617886004568
41690136044697
43696256093066
37680236066971
30665226028690
04614246003073
15638006010144
19648166020770
56724626055099
16638756010284
34674396034201
20652430116970
19647336018683
45699716050249
34674476034813
34674210132019
40754576109151
10739650125682
49707306120588
33672150114181
50710430129106
15637506120398
01611766000806
42692606045793
30665226028427
57726786110894
33751926113641
37680806038145
36676866035679
30665976029458
37756146038962
38684786041065
19648326020804
19646426108542
43733876067219
33670906032205
24656316113161
37683386077317
49708546051981
31668456031173
37683616040372
36750696109573
33670906113518
01612596002109
36677020113688
07617966004907
33671996032510
37683386040067
34674476034847
41689406044085
34674396034219
19768696023816
34673306033211
33736766031710
30736436114482
36739576036461
13630736008304
19649076021935
30664646109474
33669770113597
28662666026900
34674396034227
01751016117600
45701690136440
10621666120703
47736846114607
19648320100636
01612596002117
43693776046395
15737426009294
56726526056170
13631496008536
08618206005433
42692606045801
03739816002844
12630326008163
10623726007066
10621176109235
49708706113492
19650456107205
19647336018717
09619606005680
54722566107536
36739576108260
30666706109904
15634040127712
04615490101485
15633216009120
09619456005631
01612426101604
16639906010557
24658626111991
37680986110381
34765056033583
07616550102376
57726786056279
16639906110233
56724546054985
19646676014740
15633886104772
49708390138065
54720416054209
54720410114165
31668456031140
57727106056527
24658136025779
24658216025787
15635036009583
15635036009591
30664986085278
19647336018741
19647330126383
11626386007504
54722316106553
34673146033096
09619780101519
07617546004246
21654176024574
40687916043186
09618796109698
19642876011480
54720586054217
19649986115513
52714726053615
04615490102327
19647336018758
19647906020473
03739816002869
39685850116608
37735510113498
56726526056188
19647336018766
19648656021315
37682966039002
43696746048987
30665976029466
15637196009963
30664230121053
04615316003339
43696746048995
41690706045116
34674396034235
28662826027015
04615496003362
36677106035869
37683380108274
56726526097034
41690136044010
30736356110936
30736500129296
30665226028708
37682136097190
19645016013247
19648086020630
23738666025241
10621666006431
33670336107676
34673146098750
45700946050454
50712826067250
19647336018790
36678506036685
49709536052286
30664236027239
19644516012835
11626466089262
15634046111355
19647256015580
01611506090435
49709126052179
33669776107304
30666216029912
19643376011993
27738256026447
19647330129619
28662666026918
36679186109227
39686766042741
19647336018808
10621666006449
31668036112403
07618040109173
19734606106918
19648576115273
33671160116756
15634796101588
19651026023584
19647336018816
43694356047179
32669696031470
19647330122127
19645686013841
30665226028716
43694196047047
16638836010318
19643376012017
24657556025563
35674706035034
07616556119754
37683126039051
37683126070908
43696666093090
44697990102665
10622406108328
15635036111157
33752006108153
05615646003420
33751766107189
33671990110577
33752426108039
10623806007074
30736356030183
19734376013494
42692606045744
30665306094643
19643376011894
41688666043483
43694500108696
15633216109052
57727106116677
56725386055362
19643036011696
19757136011092
19647336018824
37683046039036
33670826032130
33671246104582
36678196036388
36678766036750
19649076108922
36677856110050
19647336018832
30736356096044
34673306033229
36676946097646
37682216108559
37681976038566
33751926106017
21654176024582
01612006089338
33671736032445
07618046005136
56725530110502
37679916106025
19647586020101
52714986112486
36750776035257
19648656021323
19651026108245
36677106035877
41689990136093
19647336018840
34673146118046
30665066028138
43695266047567
30664726027734
20652766024095
49709380120121
29768776027189
54719930123661
10621170111153
36676866107452
10621176109243
52716216114250
33751926110084
30736436030662
56738746111496
45699710135848
45701106117147
38684786041511
45699480134122
12630406008213
12626790137653
08618206005441
15635786009989
23655656025126
36677106035885
01612596002141
43696826049092
12768020124164
41688660121111
21654256024657
43696666048664
52716476053664
34765050106450
37680980107862
43693690107763
43693690126284
19757136011100
09619786005714
19647336018857
38684786041487
30664236027395
37735696106546
57727106066252
19647330109330
19645506013528
37680236037931
42691206046056
33751766118442
56724626055107
49738820135053
36678196036198
30664646027635
30739246029078
19650376022859
33670580136770
52716546053672
54720826114672
19647336018873
37737916039077
15635786010003
30665066028146
07617960129643
18641706010797
15737426009328
19645356116248
04614086002950
33671246109508
15101571530500
33671166113864
34765056105985
36679596108880
31668296111702
12627456007744
19647256015598
36678766037097
49708960102525
49708960120980
15735446117816
15735446010011
39686766115422
56725610112631
44697996049779
56725616119242
58727440107375
56725610137018
56725616055495
19644516012868
19645016013254
56725616055503
56725616055511
56725616055529
56725616118061
19644516012876
37683616085153
36678766037105
30666476030076
19645016013262
19645276013379
19649986022685
19647336018907
07617546096226
33671730105767
56724546055008
56725610113977
37679916037733
39686506042477
39686506042485
19647330136994
09618380129965
19647336018915
10739656120521
34674133430469
49708470119750
34673486110654
37681893731072
19645276013387
57726940116996
51714640113134
10754086007082
30665226028724
20764146110019
07617966004931
58727440112623
33670336031868
37681896038384
10621176120083
10622656006837
36677366107072
34673300129676
54722566054589
19650606023220
17640146112759
51714566053433
31669106117790
30665060102582
27661346026496
57726786056303
19734376012314
19647336071443
43694506067201
30736436066898
19647336018931
34673146120026
34673140135392
34673480100040
49710356111868
30665896029185
15636776009823
43733876047674
43696176048078
48705246051015
50712330121525
50712336053011
50711676052799
10621666006456
30736356112452
34674216033740
54755236054274
31750856119853
31667876031058
37680986111769
43104390113704
43694500123299
41690050132076
43694500128108
54720906054324
31668520127928
31750856031215
13630996008379
54768366054050
43694846106991
07616976003701
37683380114033
10621666006464
36678760109496
10621170123869
37680236037857
37680236037840
37681976038574
37683386040091
37682966097208
30665066028153
48705400113084
09618386112361
36676786108195
41690136044705
24736196025746
33672316032791
07616556109730
19734376012264
20651930113076
33670580110791
33751760108241
33670330131607
15633626115257
10624140113043
10622400113142
38684786089775
30664236027411
36678766037113
39686766042758
41690056044572
41688826043590
42767866045926
01612916002448
54719930123646
10739656006951
10622406006712
15633216009146
19734376012389
19752916022461
27661426026603
19647746020283
19649806022610
19648816021711
19649076021943
15638006010151
16639176010433
19647256015606
54722316054514
54755316107650
50711676052807
19734526022347
33670330113654
37683386114375
34674396059299
19647746116685
15637766010045
19647336018956
19647336018964
50711676052815
56725386055370
30666476030951
37680986038251
27754406118756
37680236037998
19734376012397
04614246003081
15637506010029
15637506096127
19649986022693
49709040125336
49709046052088
33669776116339
19647336018972
19647336018980
30665226028732
30664236027270
37683386040109
21654336024673
21770650135350
30739246029086
45699716050256
19646836014807
23656076025175
14633056008809
19647336018998
37683386040117
10621666006472
19644366012587
19734526022354
41690056044432
34673140105932
30665976089460
15633626108187
54722566054670
01611190111765
30666476030084
43694846047336
24657710131664
24657716025696
31750850108050
30666216116586
43693776067177
19647336019004
34673300113621
43693690114900
33670906032213
33671816032494
36676866035687
36676456110704
01611926001127
10623640107409
30665306095111
33669776106074
37680566117923
28662906027049
43696256072144
50712666053037
50712666120844
19647330126375
49707306110639
37680230105965
36678506114938
34673146033104
50710436112338
36678506106538
37682056038657
05615646003438
19647336112411
19649076112437
27661676026629
43693696046304
56725206055222
27661756026637
27662336026702
40687006111058
41690216112213
41690210126961
56724546054993
37737910111468
19647336019012
19647336019020
40687006107544
21653596024343
33672496032817
30736356094676
10752346007223
39686766116115
19649076021950
19647336019038
30664646027643
15633390108589
44698076049852
27661836026645
37735696038905
37737916039085
30664726027742
41690396044986
43696906049282
49708056051858
37682056038665
19647336108641
37681146096515
19647336019046
37683536040331
13632146008635
21654586024830
19647336019053
19648816021729
21654176024590
27754406026686
37683796098453
42691200102848
19645506013536
38684786041545
37683386089049
36750776107346
41688666114771
34673300100404
50757390108175
56725796055537
19649986022701
44698156108203
44698496049977
54755230102574
27660506026132
37681140115519
40687006042956
37735696038913
43695186047492
27661916026660
33671160109843
49709120113530
49709120125831
56726036055776
43696256067243
42691796045371
42691796118434
43694506047252
30666706030407
30736506098529
30736356085351
19647336110951
43696826049100
49709536052294
19647336019087
19647336066286
54721086054332
33736766114789
19649316022206
48705656068290
01611926001135
43696666048680
24753666025415
30667466030860
30667466030720
19644856013114
43696746049019
37683386119135
33736766032379
01612426001622
19650606023238
39767600121046
49709386113039
19647336019095
13632226008643
47704586050926
41690056044580
19645766013908
19647336019103
24657486025522
43696666048698
15637686010037
33671246110928
30667466030886
34674396034250
01612596002174
49708966052054
37683386040133
39685936042386
07617546004253
10624140123463
15635780107771
54721166054340
45701106050520
54721160134973
38684786041289
33671246106041
30666216029938
37683386040141
29663406027148
19647336019129
19647336019137
19647336019145
50711676052823
36677106108070
37679676106256
19648576115281
24656316025365
18641886010805
40688336043343
07617966004956
54722560125708
19647336019152
04614246003099
39685936042394
45701286050546
45699716050264
45699480139543
28662666026934
07617966004964
40687596043111
19734526022362
19647336019160
49709046052096
38684786041560
31669516031363
10622656006845
19647336019178
56726526056212
38684786041578
37683386040158
43693936046692
19647336019186
27661426026611
50712906053086
50712740121558
50712746053045
43694506115943
19647336019194
15634610106690
19645016013189
37682966114854
07617546004295
44697656113559
19647336019202
21654580121517
14632716008742
04615496003370
09619526005664
19646676014757
31750856118533
31668866111694
09619036095301
36677106119986
56725386055388
19648816021737
19647336019210
09619606107437
04614246003107
50755640107979
20755806103824
34765056033609
36750696037261
33670336031876
30666476030092
30665636028997
20652436024046
19647336019228
10621176005904
15633136008833
33752420100958
34673146033112
43693776093033
19647256015614
09618386110456
09619866005722
37683386040166
43694356111942
19648656021349
37680316038087
37680236038004
31668036115604
07617546004303
43696666048706
50710430109090
15633626104632
40688096043285
50712666106934
47704250131102
19647336019236
49708540124339
36679186101927
19647336019251
19647336019269
33670906104491
33671990110585
19649986022727
34674476034912
41690706045132
37683876040455
36676116035414
31667876109680
10621666085138
07617706004501
38684786040851
36678436036586
08618206005458
37683796085146
24658396025795
28662666026942
37683876106140
37683870105825
37683870129049
37683876111181
37683876070882
19647336019277
19648656021356
42693366046072
50712906053094
50711676093512
49708476114755
30665976029482
55723716054910
44698496049985
19647336019285
55723976054928
12630320124289
12630326008171
49708540132357
15637846010060
12768026007876
41689086043681
37735696038921
19647336019293
51714070109793
36677106035901
39754996042881
01611926001176
57726946115463
33671160116749
35675536035133
19648570135301
39686760118752
19734456014369
37684036040554
37683386040174
27662256026694
49708966052039
35675046095202
57727100138180
20756066024103
38684786041594
41689736044259
30736506107502
43695186047500
07617136003792
54721326054365
41690706045140
23739166107866
19647336019319
15637926010086
15637926010094
50712906053102
19647336019327
04615076003271
30665226028765
50712826053078
19647330122226
01611506090468
19645766013916
12630246008155
30666136029706
44697996108146
33669930136788
10621666088934
25735856025886
19647336019335
49709126052195
48705816051544
07617966004972
39685936109532
19647330137604
15633216109060
45701100135889
19647330136986
19643036011704
20651936023899
30664806027874
01611766090559
43694196047088
38684786041529
43695916049464
19647256015622
19648326113047
07617966004980
15633626009955
43696256048177
50712906095517
15633626096986
39686760120725
30664236027247
33670906111280
54721406054373
30736506096200
34673146118053
37682960102822
01611920111815
57726940114710
43694506071542
30736506096192
19647336019343
07617886109383
19647336019350
31669103130242
19642126066716
07617546004311
16638836010326
19647336019368
54721576120646
54721570114595
49706236098248
21653916024467
04615070129577
01611926062160
37735696115299
19647176015093
33671246106066
48705406100754
48705406051221
19650456022917
36678196036412
19646836093025
07617620138859
43693776095350
42691466045322
55724056054936
19648576108633
54718370109009
33669770134171
36677026035786
19643946012207
10739996007371
07617546004329
21654586024863
30666136029714
54721736054399
37682966099444
33669930101006
19651026111520
13631236113658
19642956011571
30664236027403
56724626055115
19647336019376
19647336019384
12626796007660
33671736108450
41690396045017
19646676014765
33671246032338
33671246103519
30665226028781
37680236038012
38684786041610
54721816054407
37683956040539
35674706035042
33670906106843
01751196002711
49709614930350
34673140114702
19647336104822
15638346010227
37683796093264
38684786113997
19734456014385
10621666088942
10621256005979
56726526056030
01612006097661
37682966093231
30665066028161
31750850121244
41689326044069
37683386040208
41690706045157
19647336019392
25658966025902
10621666111231
41689166115364
30665226028799
33670336112957
34674396071336
33751920108498
19645766013924
39685856110944
38684786041644
03739816002877
07616486003628
43696746049027
51714230132977
09618876110167
34674396034276
19648086020655
37681976111207
24658706025837
37683616040406
45701106050538
36750696037279
30666216029953
19643946012215
56726036055792
36676866120422
37680560110114
36750776112825
07618046110449
19647336019400
50712906053110
19647336019418
43694506047278
43693696046312
01611436090278
13631646117808
57727106066260
44697996049803
33671160136838
41690056044598
39686766042766
30666216029961
30666706071195
34674396034284
31669446031314
09619036005573
30664986071096
21653916024475
16739326118566
19648570129973
30664986027924
19647336019426
07617966004998
10621176005912
19647336019434
07618046114326
36675870128462
43696256097430
38684786040943
42691206119812
41689736044267
49706150113506
34674216033757
40688096043301
19647330138305
10739656007389
14632716008759
36677106120042
19647336019442
33751926108427
33751920113696
33670330100982
10621176005920
19645506101497
40688416043350
55751846054837
24657716025704
19647336019459
15638420113167
19647336107411
54721996054415
36677026112122
33669776031579
15634046009393
36676866035711
43696666048714
10624306007322
19649980108597
43696256117014
01611190131805
37680490127118
19646676117022
56768286055610
34673306033252
34674396034292
33670586032007
30666706030399
10624306007314
19643376012009
36675870107441
43695916049514
19647336019467
30666706030241
19648406021133
19643376011886
19645686013650
41689166043871
10621666006514
31669100102798
19645686013718
19643376011928
19643036011712
15638426010268
34674476034631
10622650106815
24656316025373
43693696046320
30665226028807
41689166043756
36678766037139
19645016013270
18641960135756
01612596002216
01611436090310
33669933331089
54722076054423
56725380100362
19647740108381
19734376012405
07618120131714
19644776114227
37682966095053
51714646053441
37681896085047
56725536112171
41690216044770
44697650100388
56725126055180
37683386089056
37680236095020
30664646117741
07616636119838
54722156054431
12768026008148
36677106102933
19647336019509
37683386040224
19647336019517
39685446117618
01612426115505
01611766000715
43694356115851
21733616024921
33672156112676
15638266010201
33751920108506
30665556028922
56725206055248
19647336019525
30666476085633
27662336092688
19650606023261
37680566120596
37683386040232
33669930113936
33752006113625
19650606023279
19647336019541
33671240102731
56726036055800
43693776046403
30736356030530
30736356106926
19642876011498
34674476103816
10752346007397
36678506036693
54722236054449
48705656051270
45699140135624
01611926001192
48705326110282
35675616035141
12629760115154
12630576008247
53717616053813
19647336019558
12629016007991
33752420112094
42691120124255
42691120137877
42691120137885
36678926037188
33670906032221
31669446031322
30664646106819
27659876026074
25735936025894
19753416022149
19647336019566
19648576021190
42691206046023
50711676052849
07616486003636
10621666006522
45701106101612
30736506068647
37682966109326
33751766111082
30736436030696
30736436113054
19647256015663
19647336019574
31669510106443
19647336019582
19647336019590
19647336019608
36677776036024
30666966030506
07618046089130
49709616052302
34674476034953
19648166105407
31750856115844
37737916115349
33669776031587
33671736115448
34752836118624
49709796052310
39686766042782
01611926104566
38684786041685
36676866035638
19647336019624
29664076027197
29664070128629
34673146107718
43697086049449
12626790111708
49738820128330
27661426066963
30736506030191
19644516012793
36750696037287
17769766010680
36678766037147
19647336019632
33751926096994
33752426032874
30736356066872
36750696037311
44697996049811
37683386040257
30665066028179
19648326107171
19649646022529
39686760115303
19647336019640
07617546004337
33736766031694
37680236038020
07617546004345
15635030100685
36676456035505
33670826106728
43696176067227
21653186024244
37684376040562
01611766000830
41689326044051
37756146112494
19647330122754
36679596037428
37682966039010
50713246053201
10621176108096
34673486033310
49708546113112
36678686036743
05615646003446
39686270129916
19650456071682
19647336019657
19651026023592
19645686013825
07617966005003
01751016002349
33736766031728
33669776108104
33671576111488
31750856118517
37680236038038
49708546051999
19642796011332
19647330133694
39685026041834
39686766042790
33670906032239
30666476030100
19647336019665
53738336053805
19647336019681
19647336019699
19647336019707
54755236054282
10621660119339
01611506090484
29768776111371
43696906049159
19649076108914
19734606023394
19647336019723
31669106111959
21654586024772
07617966005011
19645686013833
39685930108613
19647336019731
36678766037154
19647336019749
34673480119420
37680230108662
15636930113738
54722566054712
33670336031884
28662666026967
39685856098057
19650606023287
19642796011340
19647336019756
30665976029490
33672156032775
36678436036594
36675956107510
36675870109470
33752426108047
19647336019764
39686766042808
42692116045553
30664646068589
10621666006530
30666216029979
19734526022388
34765056033617
36679186037386
49708966052070
30666136029722
52715716053581
43693776093041
19650946023535
44754326049951
19647336019772
19647336019780
19642876011506
15638346010235
39685856042295
40688416112155
36678196036446
36675956108930
10621666006548
33751926114243
01751016089361
07617626110811
15634616009500
20652430135079
50710436108435
40754576108377
36677106035893
10621170133314
19647336019806
27659616106959
38684786041701
36678016036115
37683790137737
30664640100883
33671736032452
19643946012223
56726036055818
36678190100107
19648656021372
07618046005151
37679916101794
37683386099089
36677360136937
07616630130930
52716216053656
19651516106785
37680236038046
36739570110718
27660356111645
43694500113662
24657556025571
50736016025753
15633216009161
15635036108468
37679916037741
30736436030704
19642796011357
21750026024731
19647336019814
57727020138974
07617706066583
39685856108807
30664646114524
50757396053193
30665226028815
19647336019822
30666706111298
37683386089064
30666706114631
19651106023709
07617546004360
36676786035588
56739406115430
07618126005235
19734606023402
19642876011514
30665636029029
56737596055917
50757390114561
50712170118927
01751016002356
34674136033708
07618126005243
19647336110977
30665896029193
19643376011878
07618046071039
09619456114664
19651106023725
43696416048409
43696666048730
50757396102743
50710436052450
39685930105973
36676866035729
19650606023295
39754996114490
19644516012777
01611766000848
36678766037162
19647336019830
37754166040661
34765056033476
19646346014526
31669106031249
01611766089619
10625136007405
10751276006985
10622406006720
12755156007827
07617966005037
34674390133777
19643786012132
19643036057517
19648086020663
19647746020291
19649076021968
19734376012413
19752916022479
19753416022156
24737266025803
01612916002455
42767866045934
41688826043608
37683386040265
43696666048748
33672156032783
30666706030431
27662336026710
29664156027205
54722566054720
54719936054159
19648816119549
01611436090328
10622656006878
13631236008486
30665636029037
43696746049035
20651856024111
39685776041990
54722646054753
39685776042006
15633626066674
15633216009187
56737596056022
53765136053821
30667466030837
38684786040893
37683386040273
20755806100820
19648816021760
19649806022636
19647256015671
10621666006555
19734456066757
47704826050942
37683386040281
19647336019848
31668866031199
12629016008007
19647336019855
10621176005938
19650946023543
19647336019863
15636856009906
45699556050207
36675870112086
10767786006605
36677026108005
41689086043699
19647336019871
21733616024954
30666216029987
36679180113779
10625396112387
10625396007413
28662666026975
05615646003453
38684786041727
54755236054290
36677106035919
33670906032247
49710016052336
52714986053482
43694196047104
19647336019889
19651106023733
19646676109276
54755236054308
57726946056394
56737596071286
44698156049928
41689166043905
56737596093181
19647336019913
19649076021976
30666136029730
30664236116123
57726946056402
13632306008650
39686506106322
15637760111377
30736506108799
50710436052468
19647336019921
10625476007421
33736766032841
34765056033633
36675876106694
24657556116156
19647336019939
07617546004378
43696746049043
39685856109839
37682966070858
23752186111074
58727516056840
21750026024285
19646836014815
56726036067292
41690216044788
19647336019947
34673306033278
49708966052047
12630406008239
37683386040307
45701696050595
34674476034961
33670826032148
30665976029516
19647256015689
39767600106484
19648086020671
33751766032064
36679596114177
01612756002307
56737596084933
19648326020812
39686760111344
19645016013288
19647746020309
19649806022644
56726526056238
19646916014922
19645506013544
19647256015697
19648816021778
19648166020788
19646916014831
15636936118681
07616556112718
09618386005474
43733876047690
33751766115174
43694196047112
01611196090120
50711676052716
19646916014930
37681146116420
33672156107957
31669106031256
34674396034326
52716216106686
36676866035661
33670336110589
19643376011951
19757136011118
15633216009195
19647336017446
54718376114078
43694196047054
10739656112023
43693696046338
19647176015101
19644516012900
15633216009203
43696666048755
06616226003552
29768776110746
06616220118729
34673306033286
23656230125658
30667466030852
07617886004576
47704906050959
28662660137992
37683790123000
19647330126409
19643786012140
19642126010995
19646836099030
43696666048763
54722566054746
35675796035158
37682960116764
41689996044416
19647336019962
19647336019970
19647330112003
07617966005045
04755076003172
10624146007215
19647746020317
19752916022487
01612916002463
39686766042824
50711676052872
49710196052344
36678766037170
30666706030449
30665976029524
54722316054522
54755316054001
10621666006563
13631236008494
20651936023907
19651516120836
19647336019988
10621666006571
33670826032155
43694506105795
36677026106595
24658700111294
19734456022396
15637926010102
40754576043160
19647336020002
19648086020689
37681896038392
19647330122150
10621666006589
33751766108278
34752830102277
19642126093447
37680230114009
10621666006597
19647336020010
30664646111835
56726036115653
34674396034334
30665226028823
30736506085344
30665066028195
33672156099188
19647336020028
34765056033450
19647336020036
22655326025050
30665976107833
19647336020044
57727106107163
19647336020051
34765056066682
50712906053128
15635456009658
15635450122887
10624306007348
41689166043913
36676866035745
33670336117998
16639176010458
10621170108142
30666476097000
41690886045165
07617546004394
52714980102301
54722986054779
19644366012645
19734456014419
19646346014443
07617546004402
49710356052377
19645016013296
36739576037394
04615076094957
24657486109649
19648570102269
19646836014823
36738906035455
07617546004410
38684786041131
19757136011126
23656156025274
19734526022412
19647336020069
22655326025068
10625470135103
10625470135103
20651850129015
28662666027007
47705086119259
33751926118822
38684786113245
58727366056782
19648576021208
36750776035265
36677776105589
36677776036040
19650606023329
49706236051619
57727106096671
37683386106199
34673140135400
15634610129130