CDS Code *
30664806027767
30665226028211
43693696046114
10622650105692
15635946102792
33751926116446
19645686013742
43694196046940
49709126052153
30665976029219
30666706030308
33670586031926
34674396099808
36676866035646
30665066028005
36677360116723
19647330100743
43694500129247
01612596002273
30667460119925
24657716025597
19647586020077
37680076037758
21653346068308
42691206045959
07616550110528
42767866045819
39686766042501
37683386039101
30665976029227
30666706030209
33672156032528
19647256015119
10621666006068
43696416048193
43693690108167
43693690135749
36675876035174
36675870138529
37682966110878
19647586020085
12630406008221
30665306028831
50712826108302
30665226028229
33671736032387
24656316025316
16638836010292
10621660108118
19644516012744
07618046005060
48705736051288
38684786040695
33751920105742
37684526107031
15634046009344
05615806088975
19643036011605
37683386120935
49709126108500
34674476034896
50711676107023
23655816116149
19647336015705
19649076021786
37683386039119
33672156032536
19647336015713
12630320111203
30736506100838
39686760111369
43733876047583
49705996051577
19647336015721
19648166110571
15635606009674
12755156007751
36676866101034
19642796011217
50710766111892
42692606045736
36676786098354
24657716107908
54719025430335
01751016002315
42691466045298
37754160122796
33669776031496
24657716105647
41690136044648
37680236037832
19643296011787
01612596001630
54717956053839
19647336015739
19649076021794
43696666048425
43695186047377
36677100100347
07617620129064
15634046115471
15637506111686
19642126010862
54718036053847
34673220127860
20652436107122
34673226033120
43693690125526
43694500121483
19646426014591
19647330122184
10622656006738
28662666026769
36675956035216
19647336015747
36675956035224
45699716050215
33752006107841
29663736105811
31667870126664
19753416022008
43697086049290
54718116053854
19648816021505
31667796031017
01612006117543
39767600129312
25735856025845
19647256109292
01612426001572
38684786040703
20651776023865
42691206045967
41688906043616
10619946005730
19646671996420
10623800136499
19647336015754
01611196100374
33670586118863
15637500111245
10767786005748
44697996049639
19647336015762
15633626009922
30666216097364
19647336015770
19651020110098
19647336015796
43696256048086
48705326051049
30667466030795
19734376023741
45699146050132
45699146050124
23655406025084
19647330122218
10624306007231
33670586031934
30666706030217
19647336015804
37683386039135
44697996117253
19647336015812
36676786098362
33669930116947
34673146032981
48705406051064
19648406020838
01611686090492
19647336015820
19647336015838
43696666048433
48705816051379
56724626055016
31750856110647
31668036112072
52714726053466
19646426014609
26736686025910
33752000108530
31668036109862
19648570112714
39685440105718
21653346024319
43733876047591
43694846116461
19647336015846
49709616093140
50712170110080
19647336015853
58727366056634
06616146003511
43695186047385
38684786040737
34673140105908
19647336015861
19643296011795
19647336015879
16638756010276
34673140108720
56739406109847
34673146109516
40754576043145
19647336015887
37680566115620
41689990134197
50711670137265
19647336015895
19753336020325
19647330109348
19647336015903
33752006106868
16739326010565
10621666101091
10621666006076
19648166020697
37683386039150
37683386039168
19645686013619
19647336100069
43696256095400
19647336015929
42691046045256
13631230118455
19648086020507
19647336015945
31669100125740
34673146113179
37683386039184
37681896120901
19648576111538
43695836118376
43696416115562
19647256015135
19647336015952
19647336015960
19646836110563
37683386039200
41688586043392
19647336015978
57727106056444
02613330137125
39685856108856
36677100113944
30665066028013
19647336015994
21654256024616
19648086020515
29663320125955
01612596001655
19648086020523
41689996044309
19647330106914
19647336016018
37683386040299
52715226053474
43695916047955
19645686013676
33670336116404
19646346014435
43696256072177
50710766107932
43693776111348
19647336016026
39767600114645
19647336016638
19646346014559
48705816051387
47701856050652
57726786056246
37683386039242
19647336019491
19647256015143
37683386039259
10621666006092
19647256015150
19734456014120
45698806050082
45698806113260
43693936046510
15633546009252
13630996106975
19734526022222
43694196067185
31669100102806
19647336016034
19647256015200
21733616051627
47701936050660
19647336016042
37768516037543
37768510110122
43696666048474
37683386039267
27661420132407
27661420108068
45699716111470
33672310127761
01611926000889
19647336016059
31669106031280
44697996049662
19647906020424
19647336016067
42691956067110
19647336016075
41689996044333
36679186113757
19647336016091
26736686025936
16639740128702
43694506047229
12627296007710
56724476054969
19757136011001
19647336016109
19647336016117
19647336016125
19647336016133
49709126052104
01612596001663
37681630139402
19647336016141
49753586107221
56738746055677
48705736109672
58727366099014
38684786040778
19647256015168
19647336016158
19647336016166
19647336016174
54720580111740
19648576108609
19647336016182
19647256015184
01611926000905
37683386039283
19647256015192
01612596001689
10621666006118
19734376012231
54718370110452
54718376053870
54718376100267
19647336016208
19647336016216
47702016050678
43694196046718
32669696110308
43695006093058
34673146033039
33669856031603
19647336016224
37683386039291
37680490132506
19648576105613
37683386039309
19647336016232
44697996049670
19647336016257
30665976029268
19734456014138
09618380111724
49707220139048
23656156025183
10621666006126
48705656103154
19647336016273
19647330122564
37682136038681
58727286056600
56739406106439
24657486025506
19647336016281
43696666048490
19647336016299
19647336016307
19647336016315
19647336016323
36677106110670
19650456022677
11625546007439
19647336016331
50710766093504
43693936046536
43694506047211
37680076037766
01612596001697
37680566110696
40687006042907
34673140111112
37683386039341
19647336016364
19647336016372
38684786093496
37683386039358
19647256015242
19734376023758
19647336016380
12630406008197
19647336016398
45699226050165
43693936046544
31669106116099
19647336016406
19647336120794
58727366056659
04615316113526
15637506108781
10621666006142
48705656051254
19646346014450
19642876011381
33669856031611
37683386039366
19647336016414
19644856012975
19645686013627
13630990113985
19647330109439
41689996044366
57726786056295
49709120128074
19648086020531
01612596001648
19651516106561
36679180106641
19647336016422
19646836014799
19648576106900
19647336016430
19642876011373
34673146033005
19647330111989
19648166020705
19647336018360
19647330106948
19647336016448
19647336016455
38684786041149
37683386114300
19647250107458
19647336016471
37683380108282
01611926000913
32669696031413
43694196046742
37683386039374
29663160125013
29663166027080
38684786113252
37683386039382
43694196046932
50710766098180
19647336016679
43696256048102
27659956026082
30736356109540
19647336016489
19647336016497
19648576113906
49706496051635
49706490125724
16639746118590
36677106115984
19647336016505
39685856104426
33670330100974
38684786040828
09618380136200
37683386039390
29663246027098
38684786040836
42767866045827
19647256015259
01612596001739
41690056044424
19647336016513
19647336016521
37682136085054
39685856042204
20764146023915
12626796120562
38684786040968
17640556105456
19647336016539
53716706053706
19648166020713
19647336016547
19647336016554
33752006117659
50712906071583
19647336016562
19647336016570
43694500127225
42691796045355
30665976029300
39685026041784
19644776106421
10621666006159
36675870107433
19645686013635
19647336016604
30665066028021
19647336094726
01612590115204
23655816025142
19647336016612
41690050127282
36676866110142
48705736110241
05615726003388
30736356068639
58727366056667
19648656021307
19647336016620
49709956114409
33670336120364
33670336031751
41689816044275
41689996044325
34673146033013
43695756047740
58727366056733
43695186047401
19647336016646
53765136053714
17640556110761
19643036011654
39685856104038
19647336016653
54721400136507
10625470136523
31669106031231
36676866035604
40687006042915
19647336016661
01612596001754
16638750101717
50712900113795
37683386039432
37683386039440
55723556054894
43733876047609
36677106068761
43694196046775
30665066085286
34765056033351
19647336016687
37683386096879
19646426106272
48705816051411
50712900108761
33752006118558
19647336016695
19648656116172
19647336016703
36677106114052
19648570126268
10621666117477
34673146033021
43696256048094
39685856042055
19647336016711
19642876011407
30736356085336
19647336016729
10621660113811
37680496038095
19647336016737
30736356071153
30736356101059
10621666006183
44697656114102
37680566038111
37680566088983
21654256024632
34765056032932
36679186037329
27660506106777
15637506110431
43696256072151
19734456014153
19647336016745
39686270132050
39686276119309
39686270136135
34674130114660
39686270129890
39686270136028
30667466030738
50710686052500
50710680132662
19647336016752
39685026041792
37682136038699
19648576105621
19646420120956
19648570105981
37683386039481
31669103130234
02613336002794
19734376012256
37680490136614
37681630137109
37683386112726
57727106056469
07616636101943
36679186117766
58727366056675
13631310135657
19647330122135
19647336016786
19647336016794
19642956011530
36675876115117
13630996008346
19647250114603
19647336016802
19648570124156
53716966053722
46701776050611
37683386099055
30665896029110
19648320100644
19647330122143
30665896029177
36679180138875
19647330128710
34765056033484
54718946054019
19645500138172
49706720122440
49706726051700
19645686013643
47702436050710
43696416048292
43694196046809
33670330105791
19647336016828
33752006107858
12630086008114
36675876109409
19647336016836
01611926000921
01612590115600
19644856012991
30665976068399
10621666006191
19647336016844
19644770122929
19644776012967
33670330110643
30667466030761
10621666068704
01611926090583
43696256048128
58727360119362
37683386039499
01611196090013
19647256015275
10621666111249
43695916047963
34673140101790
26736686025928
48705736051296
37679910108563
42691956045405
24753666025407
43696416048235
19647336016851
38684786040950
27661426026520
36675870125880
24656806025456
43694846047294
19647336016877
01611926000947
37683380129395
43694846047302
34673146112106
50712906111017
34673146033047
58727366056683
34673146101844
39685850108209
34673146120034
42691956045421
48705816071302
19642876011415
19647336016901
19734376012272
01612596001812
37683386039507
19757136011019
13631496008510
50710766052518
43696666048516
36677360128439
37683386039515
19647336016935
01612590102988
36679180108449
19644770129197
19646911996438
37683386089015
10621666006217
39685856042071
19642876011431
43696666119010
19643036011621
19647336016943
43696416048250
19647336016950
19647336110969
01612596002190
30665896029136
19643036011639
19647330122119
33672310114066
47764556050728
19647336016968
37683386039523
48705736051320
30665976029326
19647336016976
19644856013007
57726940120220
52715226053516
47705086067136
10621666006225
07616636003669
10621666109961
19647336016984
34765056032940
19647336016992
57726786056253
20651936023931
43696416048268
48705736051338
15635036009559
01611926000962
15737426009633
24658620114074
19647336017008
39685026041800
37683386039762
48705816051445
38684780111427
19647330131466
30665066028039
19647336017024
31669106109482
31669100127639
19648816021570
37683386039556
12627946007850
19647336017032
19647336017040
19647336017057
19647336017065
10621666006233
19647336017073
30667466030753
19647336017099
19647336089700
19647336017115
37683386039564
18642046010847
19647336017123
37683386039572
19647336018527
34673146098743
34673146033054
38684786041347
33670336107668
42691956045447
34765056112064
30736356112577
19647336017131
43693936046577
49706800112987
49706806051718
10621666101109
47702926050744
47764556050751
49706986051726
19647336017149
19647336017156
37683386039598
19642876011423
19734376012280
34673146107700
19647336017164
48705656111652
19647330111971
19643036011647
43695916047971
01611196090021
23656156025191
19647336017172
42767866045835
01612596001820
43694506047195
34673146033062
37683386039606
19648816021588
01611196090039
19643296011803
57726780111401
34765056033500
50712906120430
44697996049696
15637506117717
57727106056477
37683386039614
19757136011027
19647256015309
19648086020556
10621666006258
19647336017180
34765056033492
43696256048110
01612596001838
30667466030787
19647336017198
01612590115576
43694506047203
43695910132373
37683386039648
36679180108431
19647256015317
43694196046841
19647336017206
34765056032957
19647336017214
43695186047427
43696666048532
19647336017222
19647256015325
19757136011035
19648086020564
01612596001846
41690056044473
38684786041040
37683386039655
33670336031785
19647336017230
19647336017248
15737426110712
19647336017255
15634876009534
31669106111967
43695756047799
31669106031223
19647330111955
31669106106108
36675870107425
33670336031793
39685856042097
16639176108815
40754576043137
43695186047435
36676866035612
10621666006266
57727106056485
19644776108294
19643296011811
01611926000988
19647336017289
19647336017297
48705816107684
38684786041073
43694846047310
30736356089502
19647336017305
19645686013692
01612596001853
19647336017313
30665066028054
19648576118749
56724705630363
31668520138008
23656150101147
19643296011829
48705816099667
19647336017321
19647336017339
19757136011043
19644856013015
06616146003537
36676866035620
19647336017347
19753336020358
15635030116715
12755156007777
19647336017354
19647256015341
43696666048540
19647336017362
29663326111140
01612596001879
38684786041115
27660276026108
50712176052922
43696666093082
19734456014203
50712660124768
37681556117303
44697656049597
37683386039697
12628516007918
36679186110522
01612590115618
32669696031421
19648086020580
48705326120240
19647336017388
19647336017396
29664156089403
38684786041123
19647336017404
36675870125898
43695756047807
24736196025720
44697996049704
34752830116806
19647336017412
37683386109599
34765056033385
44697996049712
19647336017420
19648816021612
16639170110981
37683386039705
10621666120125
43696666048565
37683386096051
19647336017453
16639176118459
39767600137075
33670330105809
19647336017461
37681630128421
30665976029334
01611926000996
19647336017479
37683386039713
34765056033393
19647330106955
24753660105817
19647336017487
19648736021489
19647336017495
38684786040760
19647256015358
19647330109314
33672316109581
19647336017503
19647336017511
37683386039721
43696256099451
34765056033419
19647336017537
37683386039739
49707970139568
10621666006274
13631316008502
30665976029359
34673140108738
49709126066385
36677366035935
19647336017545
36677106111173
48705736051346
33669856031629
27661426026538
41690056044499
43696416048201
39685856097760
43696256068167
34673146077291
30665066028062
19647336017552
37683386089023
49709126095459
37683380131565
37764710123059
37683386117683
37764710138776
37764710127605
33670336031801
48705816051478
19646346014476
15637926010078
19647336017586
38684786041156
01612596001911
19647336017081
34765056033518
19647336017594
41690700131730
19644856013023
19647336017602
33669856031637
10621666006282
19734526022271
42691956045462
19647336017610
19647256015374
37683386039747
10621666006290
04615236089080
12753826107874
12629016007967
19647336017628
01612596057046
41690056044507
19647336017636
19647330109421
01612596001929
43696666048599
19645686013767
49707636051809
15635030110767
15739080133504
37683386039754
54719516054100
01612596001713
19647336017644
19646346098768
38684786040984
19646266014427
19647336017651
39686270126755
19647336017669
19647330111997
19734526022289
12628856007942
37683380108290
19646340120303
19647336117048
19647330117937
19646670125559
36677360130948
15637506113484
19647336114722
19648570133173
39686270133116
21733616024947
15737426009609
03739816002810
04615070121509
34673146120018
15636856009880
36679186037352
10621666116651
34673146106355
42691956045470
19647336017685
19642956011563
19643296011837
49710356096721
12629016007983
03739816002828
19648816021620
10621666006308
47705086050975
19647330122168
34673146033088
49709126052161
48705736109094
43694506109433
16639176010391
19648816021638
19734376012298
13630996008361
33670336031827
38684786041230
37683386039770
49706566051643
19648736117444
10621666006316
19734526022297
05615646108518
19647256108013
37683386099071
19648166020739
30667466030829
54718376120232
01612596001945
33670336031736
19647336018196
19645686013684
34673146110118
16639176112379
41690056044531
19645686013775
19645686013817
43694196046908
39685856111983
34673146107916
43733876047625
33670336084669
19647330109355
37683386039788
58727366056709
48705816051395
30665896029144
37683380132316
37683386039796
43695910138750
19648086020549
48705816110134
16639176118798
34673146116818
43733876047633
19648576106793
37683380114041
43696416048326
37683386039804
39685856120059
19647330122192
30665896029151
47703676050819
31669100116624
36677106035794
36676866108831
01612596001895
49708886052013
36677100113423
42691956045488
19734376012306
19646346014492
19642876011449
13630996099485
19647336017701
19647336017719
19646426014583
40754574030243
15739086009765
19647336017727
19647256015408
16739326010573
38684786041008
50711346052591
19734526022305
30665976029375
37683386114292
38684786041602
10621666088546
19647256015416
16639416010474
16639580136556
19647330109405
38771310137307
10621666006324
16639586010482
19647336017735
47703756050827
12629196008015
07617056003719
34765056033526
10621666006332
37683386112460
19734456014237
58727366056774
43694196046759
19644856013031
19645686013734
01612596096523
41689406044077
37683386039846
30736356097372
19648086020598
42691956045496
19648166020721
19647336017750
19643296011845
30665066028070
37683386039853
38684786041305
12755156007793
19647256015424
21653426024327
30665066028088
43694506047260
11625966007454
30736356110845
19646426105969
11625960139550
17640306010631
38684786041321
37681896107742
39685856042139
39767606041883
19647336017768
44697990102673
10621666006357
19647336017776
19647336017784
43694846047328
15737426009625
50712176052948
19647336017792
52715636053557
45699716050223
10622816006902
19647336017800
09619116005581
38684786040877
19647336017818
19644856013049
01612596001994
19734376012322
27661426109177
36750440118059
10621666102016
39685856042147
38684786041339
24657226025498
19647336017826
37680230138073
43696256116081
16639176010409
26736686025951
19644856089148
19647336017834
19647336017842
16639746069140
16639740100156
19647336019483
19647336110266
19650456022883
37680230119594
43695756047831
39685856042154
19647336017859
49707976051833
36679186105860
54719856054134
16639746111934
49707970123422
19647336017867
38684786102479
19647336017875
19647336017883
19647256015440
16639176010417
27661426026546
01612596002018
48705816051494
10621666006365
33670336031835
21653756024392
58727366056717
37683386039879
30736356030159
37683386039887
33752000114058
49708546119036
44697656049605
39685856042170
36677106035810
39685856042188
19647336017891
19647336017909
36677106106470
39685850100560
37683386039903
43695006047369
58727366056725
21654176024509
27661426026553
19647336017925
30736356094668
36679186109219
19648816021679
19734376012348
19647256015457
38684786041362
01611926001044
30665896029128
19647336066278
19647336017941
19647336017958
01611926001051
19647336017966
43696666093074
19734456014260
19648576119143
19647336111512
43694506047237
19647256015465
19734456014278
52715716053565
27661426026561
43695836095392
41689990126649
43694196046957
33670330119321
01611196090047
19647336018485
19647256015473
43696666048649
10621666006373
17640226084990
46701776050629
43695186047450
21654176024517
17640486010656
43696416068241
19647330126391
43694846047286
19648656021240
19646836085658
49709126052112
29663326027122
43693936046601
21654176024525
43733870137505
19647256015481
19647336120810
34765056033542
19647330109413
19648816021687
19647256015499
34673146113187
19647336017990
13631726008585
19647336018006
13630996008387
19647336018014
10621666006381
19647336018022
36677106110688
19647336018030
39685850108217
19647256015507
43694196046965
19648576021158
01612590110247
30665066113617
36677106035828
19647336018048
44697996049738
34674210137950
29663326106157
19642876011464
19757136011050
57726786118905
19647330126417
19647336018055
43695916048003
30665976029391
10621660113829
34673140131516
19645686013726
05615726003461
01612596002059
38684786041412
37683386039952
43693936046619
43733876047641
19757136011068
19734376023782
19647336019061
16639176113609
01612596072235
37683386039960
19647336018071
50712900113803
36676866035653
34673146110985
37683386071914
30665896029169
49753586110993
12753826008049
30665976029409
19647330109397
19648166020747
19647336018089
19647336018097
10621666006407
19647906020457
19734376012355
19647330109363
10621666085120
38684786041016
19647336018105
19647256015515
19734376013478
43694506047245
38684786041420
37683386039978
42767866045884
41690056044556
15636516009773
24657636025589
49709956110324
16639746010532
56105616055974
19753336020390
19648326095442
30667466030811
56725206055198
30736356114888
19647336018113
36675870131441
19647336018121
19647336018139
51714156053300
20651936023881
43696666048656
36675876116370
33672310113746
19648576108625
37680490129221
19647336018147
36676866113633
34765056033427
19647330126441
19647336018154
16639586113120
19647336018162
15636696009781
10621666105746
19647336018170
38684786040919
37683386093256
45700526050405
17640556010672
19650456022891
44697996049746
19648656021273
56725206055206
38684786041438
37683386069116
19648166020754
19647336018188
27660846026157
27661426026579
45699716050231
19650456066807
36679186106587
05615646003404
10621660108100
54718110139477
42767866045892
38684786041446
16639176010425
19647906020465
54720096054167
43695916049480
47704176050876
19647336107403
01612596002083
43694196046981
19648166020762
19645686013783
33752000100412
19647336018212
19648086020614
19648086020622
19648656021299
37682056038624
19757136011076
27661426026587
40687006042949
30736356089494
49708216051874
12630086008122
36675876120604
19647336018220
10621660121533
19647336018881
38684786099154
19645686013809
44697736049613
56739406106447
42691956045504
19647336018238
36679186118350
19647336018246
38684786041255
10621666006415
13632066008627
19644856013072
19647336018253
56725046055156
19647336018261
43694196047039
19644856013080
33752006032346
19647336018279
19647256015549
27661426026595
34752830134049
34752836117535
21653676024376
19734456014302
43694196047005
19647336018295
19647336018303
39686270117796
39686276042436
39686270130864
19647330133702
38684786097919
19647336018311
19648326020796
30665976118236
30665976029433
30665976029441
39684860131789
30665066028104
19647336018337
19647336018345
19647336018352
19647336018378
19647336018386
19647336104814
19647336018394
23656156025217
19647336018402
34765056033435
33670336031843
43695836047914
19648811932409
37683380111864
50710760101493
19647336018410
19647336018428
10621666006423
57726786056261
41690056115026
36677106035836
19734526022321
50712176052955
34765056033443
19647336018436
19647336110274
37683386112478
43695186047468
54718376105506
19648320108027
56738746107528
23656156025225
19643296110035
37683386040026
36677106108062
43696256088306
19646346014534
19648570116558
39686356042444
34765056033559
39685856100341
37680560114686
44697656118673
37683386040034
19644856013098
19648576021141
36678766068209
44697996108138
43696416048243
19648326066773
07617050133769
36677106035844
21654176024558
58727366056741
56724476054977
30736356030175
19647256015432
19647336018444
19647336018477
19647336018493
19647336018519
19647336018535
19647336018543
19647336018550
19647336018568
19647336018576
19753336020408
33670336120372
30665066028112
19644856013106
34765056033575
48705736097950
50712906111009
43696336048185
31669100135178
49709614930319
12629686008080
41690056102941
12629016007975
41689816044283
38684786041271
19647336018592
54720256054183
19647336018618
19647336018626
16639746066666
45699710135830
37683386040042
37680490136416
23655576116669
30665066028120
19753336020416
10623566007025
37683386039861
19647336018642
04615236115034
19647336018634
19734456014336
30664236027379
19648576107635
01611926001093
19648570133611
19648576111546
36677106035851
19647336018659
43696416048359
19647330109389
50712090112383
04615316003313
50712096052914
37683386040059
04615310139329
19647336018667
19757136011084
01611926001101
36679186037360
19647336018675
38684786041206
01612596002091
40688336043335
39685856100366
33670336031850
38684786041503
43696256093066
19648166020770
16638756010284
19647336018683
45699716050249
34674210132019
40754576109151
49707306120588
15637506120398
57726786110894
36676866035679
30665976029458
38684786041065
19648326020804
19646426108542
43733876067219
37683386077317
01612596002109
37683386040067
41689406044085
10621666120703
19648320100636
01612596002117
15737426009294
13631496008536
03739816002844
19650456107205
19647336018717
24658626111991
34765056033583
57726786056279
57727106056527
15635036009583
15635036009591
19647336018741
19647330126383
11626386007504
34673146033096
21654176024574
40687916043186
19642876011480
19647336018758
19647906020473
03739816002869
39685850116608
19647336018766
19648656021315
30665976029466
04615316003339
36677106035869
37683380108274
30736356110936
37682136097190
19648086020630
23738666025241
10621666006431
33670336107676
34673146098750
19647336018790
11626466089262
19647256015580
49709126052179
19647330129619
36679186109227
19647336018808
10621666006449
19648576115273
19647336018816
32669696031470
19647330122127
19645686013841
43694196047047
43696666093090
44697990102665
15635036111157
33752006108153
05615646003420
10623806007074
30736356030183
19734376013494
43694500108696
57727106116677
19643036011696
19757136011092
19647336018824
19647336018832
30736356096044
21654176024582
19648656021323
36677106035877
41689990136093
19647336018840
34673146118046
30665066028138
20652766024095
49709380120121
36676866107452
56738746111496
45699710135848
38684786041511
12630406008213
36677106035885
01612596002141
21654256024657
43696666048664
52716476053664
34765050106450
19757136011100
19647336018857
38684786041487
57727106066252
19647330109330
54720826114672
19647336018873
30665066028146
07617960129643
15737426009328
34765056105985
19647256015598
49708960120980
56725610112631
44697996049779
56725616119242
56725610137018
56725616055495
56725616055503
56725616055511
56725616055529
56725616118061
19647336018907
56725610113977
19647330136994
09618380129965
19647336018915
49708470119750
37681893731072
20764146110019
33670336031868
36677366107072
51714566053433
31669106117790
30665060102582
57726786056303
19734376012314
19647336071443
43694506067201
19647336018931
34673146120026
34673140135392
49710356111868
30665896029185
43733876047674
10621666006456
30736356112452
43104390113704
43694500123299
41690050132076
43694500128108
54720906054324
13630996008379
43694846106991
07616976003701
37683380114033
10621666006464
37683386040091
30665066028153
24736196025746
33672316032791
19734376012264
20651930113076
33670330131607
38684786089775
41690056044572
42767866045926
19734376012389
27661426026603
19648816021711
16639176010433
19647256015606
19734526022347
33670330113654
37683386114375
19647336018956
19647336018964
19734376012397
15637506010029
15637506096127
19647336018972
19647336018980
37683386040109
21770650135350
45699716050256
19646836014807
19647336018998
37683386040117
10621666006472
19734526022354
41690056044432
34673140105932
30665976089460
01611190111765
43694846047336
19647336019004
36676866035687
01611926001127
37680566117923
43696256072144
19647330126375
34673146033104
37682056038657
05615646003438
19647336112411
27661676026629
56725206055222
40687006111058
41690210126961
19647336019012
19647336019020
40687006107544
30736356094676
19647336019038
37682056038665
19647336108641
19647336019046
19647336019053
19648816021729
21654176024590
38684786041545
37683386089049
27660506026132
40687006042956
43695186047492
33671160109843
49709120113530
49709120125831
43696256067243
42691796045371
42691796118434
43694506047252
30736356085351
19647336110951
19647336019087
19647336066286
54721086054332
48705656068290
01611926001135
43696666048680
24753666025415
30667466030860
30667466030720
19644856013114
37683386119135
39767600121046
19647336019095
13632226008643
41690056044580
19647336019103
24657486025522
43696666048698
30667466030886
01612596002174
37683386040133
38684786041289
37683386040141
19647336019129
19647336019137
19647336019145
36677106108070
19648576115281
18641886010805
40688336043343
19647336019152
45699716050264
45699480139543
19734526022362
19647336019160
38684786041560
19647336019178
38684786041578
37683386040158
43693936046692
19647336019186
27661426026611
50712906053086
43694506115943
19647336019194
44697656113559
19647336019202
14632716008742
36677106119986
19648816021737
19647336019210
34765056033609
33670336031876
19647336019228
34673146033112
19647256015614
09619866005722
37683386040166
19648656021349
43696666048706
19647336019236
36679186101927
19647336019251
19647336019269
10621666085138
38684786040851
24658396025795
19647336019277
19648656021356
42693366046072
50712906053094
30665976029482
55723716054910
19647336019285
55723976054928
15637846010060
19647336019293
36677106035901
01611926001176
19648570135301
19734456014369
37684036040554
37683386040174
57727100138180
38684786041594
43695186047500
54721326054365
23739166107866
19647336019319
15637926010086
15637926010094
50712906053102
19647336019327
19647330122226
44697996108146
10621666088934
19647336019335
49709126052195
48705816051544
19647330137604
19647330136986
19643036011704
20651936023899
43694196047088
38684786041529
43695916049464
19647256015622
19648326113047
43696256048177
50712906095517
39686760120725
54721406054373
34673146118053
01611920111815
43694506071542
19647336019343
19647336019350
31669103130242
19647336019368
04615070129577
01611926062160
19650456022917
19646836093025
19648576108633
54718370109009
19642956011571
19647336019376
19647336019384
38684786041610
54721816054407
01751196002711
49709614930350
34673140114702
19647336104822
38684786113997
19734456014385
10621666088942
30665066028161
37683386040208
19647336019392
25658966025902
10621666111231
33670336112957
39685856110944
38684786041644
03739816002877
19648086020655
36676866120422
37680560110114
19647336019400
50712906053110
19647336019418
43694506047278
57727106066260
44697996049803
41690056044598
16739326118566
19648570129973
19647336019426
19647336019434
36675870128462
43696256097430
38684786040943
19647330138305
14632716008759
36677106120042
19647336019442
33670330100982
40688416043350
19647336019459
19647336107411
36676866035711
43696666048714
43696256117014
01611190131805
37680490127118
36675870107441
43695916049514
19647336019467
19645686013650
10621666006514
31669100102798
19645686013718
19643036011712
01612596002216
54722076054423
19734376012405
19644776114227
44697650100388
37683386089056
07616636119838
36677106102933
19647336019509
37683386040224
19647336019517
21733616024921
56725206055248
19647336019525
37680566120596
37683386040232
33752006113625
19647336019541
30736356030530
30736356106926
19642876011498
48705656051270
01611926001192
48705326110282
35675616035141
12629760115154
12630576008247
19647336019558
12629016007991
42691120124255
42691120137877
42691120137885
19647336019566
19648576021190
10621666006522
19647256015663
19647336019574
19647336019582
19647336019590
19647336019608
49709616052302
19648166105407
34752836118624
01611926104566
38684786041685
36676866035638
19647336019624
34673146107718
27661426066963
17769766010680
19647336019632
30736356066872
44697996049811
37683386040257
30665066028179
19648326107171
19647336019640
15635030100685
19647330122754
50713246053201
49708546113112
05615646003446
19650456071682
19647336019657
19645686013825
19647330133694
39685026041834
19647336019665
19647336019681
19647336019699
19647336019707
10621660119339
19647336019723
31669106111959
19645686013833
19647336019731
19647336019749
33670336031884
39685856098057
19647336019756
30665976029490
36675870109470
19647336019764
10621666006530
19734526022388
34765056033617
36679186037386
52715716053581
19647336019772
19647336019780
19642876011506
39685856042295
40688416112155
10621666006548
40754576108377
36677106035893
19647336019806
38684786041701
19648656021372
37683386099089
36677360136937
19651516106785
43694500113662
15635036108468
19647336019814
57727020138974
39685856108807
19647336019822
37683386089064
56739406115430
19642876011514
50712170118927
19647336110977
30665896029193
43696416048409
43696666048730
36676866035729
19647336019830
34765056033476
19646346014526
31669106031249
10625136007405
12755156007827
19643036057517
19648086020663
19734376012413
42767866045934
37683386040265
43696666048748
29664156027205
19648816119549
53765136053821
30667466030837
38684786040893
37683386040273
19648816021760
19647256015671
10621666006555
19734456066757
37683386040281
19647336019848
31668866031199
12629016008007
19647336019855
19647336019863
15636856009906
36675870112086
19647336019871
21733616024954
36679180113779
05615646003453
38684786041727
36677106035919
49710016052336
43694196047104
19647336019889
19647336019913
13632306008650
19647336019921
34765056033633
36675876106694
19647336019939
39685856109839
19646836014815
19647336019947
12630406008239
37683386040307
30665976029516
19647256015689
39767600106484
19648086020671
19648326020812
19647256015697
19648816021778
19648166020788
43733876047690
43694196047112
01611196090120
31669106031256
36676866035661
33670336110589
19757136011118
19647336017446
54718376114078
43694196047054
43696666048755
06616226003552
06616220118729
23656230125658
30667466030852
47704906050959
19647330126409
19646836099030
43696666048763
41689996044416
19647336019962
19647336019970
19647330112003
30665976029524
10621666006563
20651936023907
19651516120836
19647336019988
10621666006571
43694506105795
19734456022396
15637926010102
40754576043160
19647336020002
19648086020689
19647330122150
10621666006589
34752830102277
19642126093447
37680230114009
10621666006597
19647336020010
30664646111835
56726036115653
34674396034334
30665226028823
30736506085344
30665066028195
33672156099188
19647336020028
34765056033450
19647336020036
22655326025050
30665976107833
19647336020044
57727106107163
19647336020051
34765056066682
50712906053128
15635456009658
15635450122887
10624306007348
41689166043913
36676866035745
33670336117998
16639176010458
10621170108142
30666476097000
41690886045165
07617546004394
52714980102301
54722986054779
19644366012645
19734456014419
19646346014443
07617546004402
49710356052377
19645016013296
36739576037394
04615076094957
24657486109649
19648570102269
19646836014823
36738906035455
07617546004410
38684786041131
19757136011126
23656156025274
19734526022412
19647336020069
22655326025068
10625470135103
10625470135103
20651850129015
28662666027007
47705086119259
33751926118822
38684786113245
58727366056782
19648576021208
36750776035265
36677776105589
36677776036040
19650606023329
49706236051619
57727106096671
37683386106199
34673140135400
15634610129130
